#	 Module 	 Chip 	 Chn 	 CellID1 	 I 	 J 	 K 	 CellID0
3	0	0	3	2	11	1	360640
3	1	0	67	1	26	1	852224
3	2	0	131	3	26	1	852096
3	3	0	195	4	11	1	360512
3	0	1	1027	2	12	1	393408
3	1	1	1091	1	25	1	819456
3	2	1	1155	3	25	1	819328
3	3	1	1219	4	12	1	393280
3	0	2	2051	2	13	1	426176
3	1	2	2115	1	24	1	786688
3	2	2	2179	3	24	1	786560
3	3	2	2243	4	13	1	426048
3	0	3	3075	2	14	1	458944
3	1	3	3139	1	23	1	753920
3	2	3	3203	3	23	1	753792
3	3	3	3267	4	14	1	458816
3	0	4	4099	2	15	1	491712
3	1	4	4163	1	22	1	721152
3	2	4	4227	3	22	1	721024
3	3	4	4291	4	15	1	491584
3	0	5	5123	2	16	1	524480
3	1	5	5187	1	21	1	688384
3	2	5	5251	3	21	1	688256
3	3	5	5315	4	16	1	524352
3	0	6	6147	2	17	1	557248
3	1	6	6211	1	20	1	655616
3	2	6	6275	3	20	1	655488
3	3	6	6339	4	17	1	557120
3	0	7	7171	2	18	1	590016
3	1	7	7235	1	19	1	622848
3	2	7	7299	3	19	1	622720
3	3	7	7363	4	18	1	589888
3	0	8	8195	2	10	1	327872
3	1	8	8259	1	27	1	884992
3	2	8	8323	3	27	1	884864
3	3	8	8387	4	10	1	327744
3	0	9	9219	2	9	1	295104
3	1	9	9283	1	28	1	917760
3	2	9	9347	3	28	1	917632
3	3	9	9411	4	9	1	294976
3	0	10	10243	2	8	1	262336
3	1	10	10307	1	29	1	950528
3	2	10	10371	3	29	1	950400
3	3	10	10435	4	8	1	262208
3	0	11	11267	2	7	1	229568
3	1	11	11331	1	30	1	983296
3	2	11	11395	3	30	1	983168
3	3	11	11459	4	7	1	229440
3	0	12	12291	2	6	1	196800
3	1	12	12355	1	31	1	1016064
3	2	12	12419	3	31	1	1015936
3	3	12	12483	4	6	1	196672
3	0	13	13315	2	5	1	164032
3	1	13	13379	1	32	1	1048832
3	2	13	13443	3	32	1	1048704
3	3	13	13507	4	5	1	163904
3	0	14	14339	2	4	1	131264
3	1	14	14403	1	33	1	1081600
3	2	14	14467	3	33	1	1081472
3	3	14	14531	4	4	1	131136
3	0	15	15363	2	3	1	98496
3	1	15	15427	1	34	1	1114368
3	2	15	15491	3	34	1	1114240
3	3	15	15555	4	3	1	98368
3	0	16	16387	2	2	1	65728
3	1	16	16451	1	35	1	1147136
3	2	16	16515	3	35	1	1147008
3	3	16	16579	4	2	1	65600
3	0	17	17411	2	1	1	32960
3	1	17	17475	1	36	1	1179904
3	2	17	17539	3	36	1	1179776
3	3	17	17603	4	1	1	32832
3	0	18	18435	1	1	1	33024
3	1	18	18499	2	36	1	1179840
3	2	18	18563	4	36	1	1179712
3	3	18	18627	3	1	1	32896
3	0	19	19459	1	2	1	65792
3	1	19	19523	2	35	1	1147072
3	2	19	19587	4	35	1	1146944
3	3	19	19651	3	2	1	65664
3	0	20	20483	1	3	1	98560
3	1	20	20547	2	34	1	1114304
3	2	20	20611	4	34	1	1114176
3	3	20	20675	3	3	1	98432
3	0	21	21507	1	4	1	131328
3	1	21	21571	2	33	1	1081536
3	2	21	21635	4	33	1	1081408
3	3	21	21699	3	4	1	131200
3	0	22	22531	1	5	1	164096
3	1	22	22595	2	32	1	1048768
3	2	22	22659	4	32	1	1048640
3	3	22	22723	3	5	1	163968
3	0	23	23555	1	6	1	196864
3	1	23	23619	2	31	1	1016000
3	2	23	23683	4	31	1	1015872
3	3	23	23747	3	6	1	196736
3	0	24	24579	1	7	1	229632
3	1	24	24643	2	30	1	983232
3	2	24	24707	4	30	1	983104
3	3	24	24771	3	7	1	229504
3	0	25	25603	1	8	1	262400
3	1	25	25667	2	29	1	950464
3	2	25	25731	4	29	1	950336
3	3	25	25795	3	8	1	262272
3	0	26	26627	1	9	1	295168
3	1	26	26691	2	28	1	917696
3	2	26	26755	4	28	1	917568
3	3	26	26819	3	9	1	295040
3	0	27	27651	1	10	1	327936
3	1	27	27715	2	27	1	884928
3	2	27	27779	4	27	1	884800
3	3	27	27843	3	10	1	327808
3	0	28	28675	1	18	1	590080
3	1	28	28739	2	19	1	622784
3	2	28	28803	4	19	1	622656
3	3	28	28867	3	18	1	589952
3	0	29	29699	1	17	1	557312
3	1	29	29763	2	20	1	655552
3	2	29	29827	4	20	1	655424
3	3	29	29891	3	17	1	557184
3	0	30	30723	1	16	1	524544
3	1	30	30787	2	21	1	688320
3	2	30	30851	4	21	1	688192
3	3	30	30915	3	16	1	524416
3	0	31	31747	1	15	1	491776
3	1	31	31811	2	22	1	721088
3	2	31	31875	4	22	1	720960
3	3	31	31939	3	15	1	491648
3	0	32	32771	1	14	1	459008
3	1	32	32835	2	23	1	753856
3	2	32	32899	4	23	1	753728
3	3	32	32963	3	14	1	458880
3	0	33	33795	1	13	1	426240
3	1	33	33859	2	24	1	786624
3	2	33	33923	4	24	1	786496
3	3	33	33987	3	13	1	426112
3	0	34	34819	1	12	1	393472
3	1	34	34883	2	25	1	819392
3	2	34	34947	4	25	1	819264
3	3	34	35011	3	12	1	393344
3	0	35	35843	1	11	1	360704
3	1	35	35907	2	26	1	852160
3	2	35	35971	4	26	1	852032
3	3	35	36035	3	11	1	360576
1	0	0	1	13	13	1	426752
2	0	0	2	19	19	1	622976
4	0	0	4	27	4	1	131712
5	0	0	5	1	11	1	360704
1	1	0	65	13	7	1	230144
2	1	0	66	19	13	1	426368
4	1	0	68	19	1	1	33920
5	1	0	69	2	26	1	852160
1	2	0	129	7	18	1	590976
2	2	0	130	13	24	1	787200
4	2	0	132	9	4	1	132864
5	2	0	133	4	26	1	852032
1	3	0	193	7	12	1	394368
2	3	0	194	13	18	1	590592
4	3	0	196	1	1	1	35072
5	3	0	197	3	11	1	360576
2	4	0	258	19	7	1	229760
2	5	0	322	19	1	1	33152
2	6	0	386	13	12	1	393984
2	7	0	450	13	6	1	197376
2	8	0	514	7	19	1	623744
2	9	0	578	7	13	1	427136
2	10	0	642	1	24	1	787968
2	11	0	706	1	18	1	591360
2	12	0	770	7	7	1	230528
2	13	0	834	7	1	1	33920
2	14	0	898	1	12	1	394752
2	15	0	962	1	6	1	198144
1	0	1	1025	13	14	1	459520
2	0	1	1026	19	20	1	655744
4	0	1	1028	26	4	1	131776
5	0	1	1029	1	12	1	393472
1	1	1	1089	13	8	1	262912
2	1	1	1090	19	14	1	459136
4	1	1	1092	20	1	1	33856
5	1	1	1093	2	25	1	819392
1	2	1	1153	7	17	1	558208
2	2	1	1154	13	23	1	754432
4	2	1	1156	10	4	1	132800
5	2	1	1157	4	25	1	819264
1	3	1	1217	7	11	1	361600
2	3	1	1218	13	17	1	557824
4	3	1	1220	2	1	1	35008
5	3	1	1221	3	12	1	393344
2	4	1	1282	19	8	1	262528
2	5	1	1346	19	2	1	65920
2	6	1	1410	13	11	1	361216
2	7	1	1474	13	5	1	164608
2	8	1	1538	7	20	1	656512
2	9	1	1602	7	14	1	459904
2	10	1	1666	1	23	1	755200
2	11	1	1730	1	17	1	558592
2	12	1	1794	7	8	1	263296
2	13	1	1858	7	2	1	66688
2	14	1	1922	1	11	1	361984
2	15	1	1986	1	5	1	165376
1	0	2	2049	13	15	1	492288
2	0	2	2050	19	21	1	688512
4	0	2	2052	28	4	1	131648
5	0	2	2053	1	13	1	426240
1	1	2	2113	13	9	1	295680
2	1	2	2114	19	15	1	491904
4	1	2	2116	21	1	1	33792
5	1	2	2117	2	24	1	786624
1	2	2	2177	7	16	1	525440
2	2	2	2178	13	22	1	721664
4	2	2	2180	11	4	1	132736
5	2	2	2181	4	24	1	786496
1	3	2	2241	7	10	1	328832
2	3	2	2242	13	16	1	525056
4	3	2	2244	3	1	1	34944
5	3	2	2245	3	13	1	426112
2	4	2	2306	19	9	1	295296
2	5	2	2370	19	3	1	98688
2	6	2	2434	13	10	1	328448
2	7	2	2498	13	4	1	131840
2	8	2	2562	7	21	1	689280
2	9	2	2626	7	15	1	492672
2	10	2	2690	1	22	1	722432
2	11	2	2754	1	16	1	525824
2	12	2	2818	7	9	1	296064
2	13	2	2882	7	3	1	99456
2	14	2	2946	1	10	1	329216
2	15	2	3010	1	4	1	132608
1	0	3	3073	13	16	1	525056
2	0	3	3074	19	22	1	721280
4	0	3	3076	29	4	1	131584
5	0	3	3077	1	14	1	459008
1	1	3	3137	13	10	1	328448
2	1	3	3138	19	16	1	524672
4	1	3	3140	22	1	1	33728
5	1	3	3141	2	23	1	753856
1	2	3	3201	7	15	1	492672
2	2	3	3202	13	21	1	688896
4	2	3	3204	12	4	1	132672
5	2	3	3205	4	23	1	753728
1	3	3	3265	7	9	1	296064
2	3	3	3266	13	15	1	492288
4	3	3	3268	4	1	1	34880
5	3	3	3269	3	14	1	458880
2	4	3	3330	19	10	1	328064
2	5	3	3394	19	4	1	131456
2	6	3	3458	13	9	1	295680
2	7	3	3522	13	3	1	99072
2	8	3	3586	7	22	1	722048
2	9	3	3650	7	16	1	525440
2	10	3	3714	1	21	1	689664
2	11	3	3778	1	15	1	493056
2	12	3	3842	7	10	1	328832
2	13	3	3906	7	4	1	132224
2	14	3	3970	1	9	1	296448
2	15	3	4034	1	3	1	99840
1	0	4	4097	13	17	1	557824
2	0	4	4098	19	23	1	754048
4	0	4	4100	30	4	1	131520
5	0	4	4101	1	15	1	491776
1	1	4	4161	13	11	1	361216
2	1	4	4162	19	17	1	557440
4	1	4	4164	23	1	1	33664
5	1	4	4165	2	22	1	721088
1	2	4	4225	7	14	1	459904
2	2	4	4226	13	20	1	656128
4	2	4	4228	13	4	1	132608
5	2	4	4229	4	22	1	720960
1	3	4	4289	7	8	1	263296
2	3	4	4290	13	14	1	459520
4	3	4	4292	5	1	1	34816
5	3	4	4293	3	15	1	491648
2	4	4	4354	19	11	1	360832
2	5	4	4418	19	5	1	164224
2	6	4	4482	13	8	1	262912
2	7	4	4546	13	2	1	66304
2	8	4	4610	7	23	1	754816
2	9	4	4674	7	17	1	558208
2	10	4	4738	1	20	1	656896
2	11	4	4802	1	14	1	460288
2	12	4	4866	7	11	1	361600
2	13	4	4930	7	5	1	164992
2	14	4	4994	1	8	1	263680
2	15	4	5058	1	2	1	67072
1	0	5	5121	13	18	1	590592
2	0	5	5122	19	24	1	786816
4	0	5	5124	31	4	1	131456
5	0	5	5125	1	16	1	524544
1	1	5	5185	13	12	1	393984
2	1	5	5186	19	18	1	590208
4	1	5	5188	24	1	1	33600
5	1	5	5189	2	21	1	688320
1	2	5	5249	7	13	1	427136
2	2	5	5250	13	19	1	623360
4	2	5	5252	14	4	1	132544
5	2	5	5253	4	21	1	688192
1	3	5	5313	7	7	1	230528
2	3	5	5314	13	13	1	426752
4	3	5	5316	6	1	1	34752
5	3	5	5317	3	16	1	524416
2	4	5	5378	19	12	1	393600
2	5	5	5442	19	6	1	196992
2	6	5	5506	13	7	1	230144
2	7	5	5570	13	1	1	33536
2	8	5	5634	7	24	1	787584
2	9	5	5698	7	18	1	590976
2	10	5	5762	1	19	1	624128
2	11	5	5826	1	13	1	427520
2	12	5	5890	7	12	1	394368
2	13	5	5954	7	6	1	197760
2	14	5	6018	1	7	1	230912
2	15	5	6082	1	1	1	34304
1	0	6	6145	14	13	1	426688
2	0	6	6146	20	19	1	622912
4	0	6	6148	32	4	1	131392
5	0	6	6149	1	17	1	557312
1	1	6	6209	14	7	1	230080
2	1	6	6210	20	13	1	426304
4	1	6	6212	25	1	1	33536
5	1	6	6213	2	20	1	655552
1	2	6	6273	8	18	1	590912
2	2	6	6274	14	24	1	787136
4	2	6	6276	15	4	1	132480
5	2	6	6277	4	20	1	655424
1	3	6	6337	8	12	1	394304
2	3	6	6338	14	18	1	590528
4	3	6	6340	7	1	1	34688
5	3	6	6341	3	17	1	557184
2	4	6	6402	20	7	1	229696
2	5	6	6466	20	1	1	33088
2	6	6	6530	14	12	1	393920
2	7	6	6594	14	6	1	197312
2	8	6	6658	8	19	1	623680
2	9	6	6722	8	13	1	427072
2	10	6	6786	2	24	1	787904
2	11	6	6850	2	18	1	591296
2	12	6	6914	8	7	1	230464
2	13	6	6978	8	1	1	33856
2	14	6	7042	2	12	1	394688
2	15	6	7106	2	6	1	198080
1	0	7	7169	14	14	1	459456
2	0	7	7170	20	20	1	655680
4	0	7	7172	33	4	1	131328
5	0	7	7173	1	18	1	590080
1	1	7	7233	14	8	1	262848
2	1	7	7234	20	14	1	459072
4	1	7	7236	26	1	1	33472
5	1	7	7237	2	19	1	622784
1	2	7	7297	8	17	1	558144
2	2	7	7298	14	23	1	754368
4	2	7	7300	16	4	1	132416
5	2	7	7301	4	19	1	622656
1	3	7	7361	8	11	1	361536
2	3	7	7362	14	17	1	557760
4	3	7	7364	8	1	1	34624
5	3	7	7365	3	18	1	589952
2	4	7	7426	20	8	1	262464
2	5	7	7490	20	2	1	65856
2	6	7	7554	14	11	1	361152
2	7	7	7618	14	5	1	164544
2	8	7	7682	8	20	1	656448
2	9	7	7746	8	14	1	459840
2	10	7	7810	2	23	1	755136
2	11	7	7874	2	17	1	558528
2	12	7	7938	8	8	1	263232
2	13	7	8002	8	2	1	66624
2	14	7	8066	2	11	1	361920
2	15	7	8130	2	5	1	165312
1	0	8	8193	14	15	1	492224
2	0	8	8194	20	21	1	688448
4	0	8	8196	34	4	1	131264
5	0	8	8197	1	10	1	327936
1	1	8	8257	14	9	1	295616
2	1	8	8258	20	15	1	491840
4	1	8	8260	27	1	1	33408
5	1	8	8261	2	27	1	884928
1	2	8	8321	8	16	1	525376
2	2	8	8322	14	22	1	721600
4	2	8	8324	17	4	1	132352
5	2	8	8325	4	27	1	884800
1	3	8	8385	8	10	1	328768
2	3	8	8386	14	16	1	524992
4	3	8	8388	9	1	1	34560
5	3	8	8389	3	10	1	327808
2	4	8	8450	20	9	1	295232
2	5	8	8514	20	3	1	98624
2	6	8	8578	14	10	1	328384
2	7	8	8642	14	4	1	131776
2	8	8	8706	8	21	1	689216
2	9	8	8770	8	15	1	492608
2	10	8	8834	2	22	1	722368
2	11	8	8898	2	16	1	525760
2	12	8	8962	8	9	1	296000
2	13	8	9026	8	3	1	99392
2	14	8	9090	2	10	1	329152
2	15	8	9154	2	4	1	132544
1	0	9	9217	14	16	1	524992
2	0	9	9218	20	22	1	721216
4	0	9	9220	35	4	1	131200
5	0	9	9221	1	9	1	295168
1	1	9	9281	14	10	1	328384
2	1	9	9282	20	16	1	524608
4	1	9	9284	28	1	1	33344
5	1	9	9285	2	28	1	917696
1	2	9	9345	8	15	1	492608
2	2	9	9346	14	21	1	688832
4	2	9	9348	18	4	1	132288
5	2	9	9349	4	28	1	917568
1	3	9	9409	8	9	1	296000
2	3	9	9410	14	15	1	492224
4	3	9	9412	10	1	1	34496
5	3	9	9413	3	9	1	295040
2	4	9	9474	20	10	1	328000
2	5	9	9538	20	4	1	131392
2	6	9	9602	14	9	1	295616
2	7	9	9666	14	3	1	99008
2	8	9	9730	8	22	1	721984
2	9	9	9794	8	16	1	525376
2	10	9	9858	2	21	1	689600
2	11	9	9922	2	15	1	492992
2	12	9	9986	8	10	1	328768
2	13	9	10050	8	4	1	132160
2	14	9	10114	2	9	1	296384
2	15	9	10178	2	3	1	99776
1	0	10	10241	14	17	1	557760
2	0	10	10242	20	23	1	753984
4	0	10	10244	36	4	1	131136
5	0	10	10245	1	8	1	262400
1	1	10	10305	14	11	1	361152
2	1	10	10306	20	17	1	557376
4	1	10	10308	29	1	1	33280
5	1	10	10309	2	29	1	950464
1	2	10	10369	8	14	1	459840
2	2	10	10370	14	20	1	656064
4	2	10	10372	18	3	1	99520
5	2	10	10373	4	29	1	950336
1	3	10	10433	8	8	1	263232
2	3	10	10434	14	14	1	459456
4	3	10	10436	11	1	1	34432
5	3	10	10437	3	8	1	262272
2	4	10	10498	20	11	1	360768
2	5	10	10562	20	5	1	164160
2	6	10	10626	14	8	1	262848
2	7	10	10690	14	2	1	66240
2	8	10	10754	8	23	1	754752
2	9	10	10818	8	17	1	558144
2	10	10	10882	2	20	1	656832
2	11	10	10946	2	14	1	460224
2	12	10	11010	8	11	1	361536
2	13	10	11074	8	5	1	164928
2	14	10	11138	2	8	1	263616
2	15	10	11202	2	2	1	67008
1	0	11	11265	14	18	1	590528
2	0	11	11266	20	24	1	786752
4	0	11	11268	36	3	1	98368
5	0	11	11269	1	7	1	229632
1	1	11	11329	14	12	1	393920
2	1	11	11330	20	18	1	590144
4	1	11	11332	30	1	1	33216
5	1	11	11333	2	30	1	983232
1	2	11	11393	8	13	1	427072
2	2	11	11394	14	19	1	623296
4	2	11	11396	17	3	1	99584
5	2	11	11397	4	30	1	983104
1	3	11	11457	8	7	1	230464
2	3	11	11458	14	13	1	426688
4	3	11	11460	12	1	1	34368
5	3	11	11461	3	7	1	229504
2	4	11	11522	20	12	1	393536
2	5	11	11586	20	6	1	196928
2	6	11	11650	14	7	1	230080
2	7	11	11714	14	1	1	33472
2	8	11	11778	8	24	1	787520
2	9	11	11842	8	18	1	590912
2	10	11	11906	2	19	1	624064
2	11	11	11970	2	13	1	427456
2	12	11	12034	8	12	1	394304
2	13	11	12098	8	6	1	197696
2	14	11	12162	2	7	1	230848
2	15	11	12226	2	1	1	34240
1	0	12	12289	15	13	1	426624
2	0	12	12290	21	19	1	622848
4	0	12	12292	35	3	1	98432
5	0	12	12293	1	6	1	196864
1	1	12	12353	15	7	1	230016
2	1	12	12354	21	13	1	426240
4	1	12	12356	31	1	1	33152
5	1	12	12357	2	31	1	1016000
1	2	12	12417	9	18	1	590848
2	2	12	12418	15	24	1	787072
4	2	12	12420	16	3	1	99648
5	2	12	12421	4	31	1	1015872
1	3	12	12481	9	12	1	394240
2	3	12	12482	15	18	1	590464
4	3	12	12484	13	1	1	34304
5	3	12	12485	3	6	1	196736
2	4	12	12546	21	7	1	229632
2	5	12	12610	21	1	1	33024
2	6	12	12674	15	12	1	393856
2	7	12	12738	15	6	1	197248
2	8	12	12802	9	19	1	623616
2	9	12	12866	9	13	1	427008
2	10	12	12930	3	24	1	787840
2	11	12	12994	3	18	1	591232
2	12	12	13058	9	7	1	230400
2	13	12	13122	9	1	1	33792
2	14	12	13186	3	12	1	394624
2	15	12	13250	3	6	1	198016
1	0	13	13313	15	14	1	459392
2	0	13	13314	21	20	1	655616
4	0	13	13316	34	3	1	98496
5	0	13	13317	1	5	1	164096
1	1	13	13377	15	8	1	262784
2	1	13	13378	21	14	1	459008
4	1	13	13380	32	1	1	33088
5	1	13	13381	2	32	1	1048768
1	2	13	13441	9	17	1	558080
2	2	13	13442	15	23	1	754304
4	2	13	13444	15	3	1	99712
5	2	13	13445	4	32	1	1048640
1	3	13	13505	9	11	1	361472
2	3	13	13506	15	17	1	557696
4	3	13	13508	14	1	1	34240
5	3	13	13509	3	5	1	163968
2	4	13	13570	21	8	1	262400
2	5	13	13634	21	2	1	65792
2	6	13	13698	15	11	1	361088
2	7	13	13762	15	5	1	164480
2	8	13	13826	9	20	1	656384
2	9	13	13890	9	14	1	459776
2	10	13	13954	3	23	1	755072
2	11	13	14018	3	17	1	558464
2	12	13	14082	9	8	1	263168
2	13	13	14146	9	2	1	66560
2	14	13	14210	3	11	1	361856
2	15	13	14274	3	5	1	165248
1	0	14	14337	15	15	1	492160
2	0	14	14338	21	21	1	688384
4	0	14	14340	33	3	1	98560
5	0	14	14341	1	4	1	131328
1	1	14	14401	15	9	1	295552
2	1	14	14402	21	15	1	491776
4	1	14	14404	33	1	1	33024
5	1	14	14405	2	33	1	1081536
1	2	14	14465	9	16	1	525312
2	2	14	14466	15	22	1	721536
4	2	14	14468	14	3	1	99776
5	2	14	14469	4	33	1	1081408
1	3	14	14529	9	10	1	328704
2	3	14	14530	15	16	1	524928
4	3	14	14532	15	1	1	34176
5	3	14	14533	3	4	1	131200
2	4	14	14594	21	9	1	295168
2	5	14	14658	21	3	1	98560
2	6	14	14722	15	10	1	328320
2	7	14	14786	15	4	1	131712
2	8	14	14850	9	21	1	689152
2	9	14	14914	9	15	1	492544
2	10	14	14978	3	22	1	722304
2	11	14	15042	3	16	1	525696
2	12	14	15106	9	9	1	295936
2	13	14	15170	9	3	1	99328
2	14	14	15234	3	10	1	329088
2	15	14	15298	3	4	1	132480
1	0	15	15361	15	16	1	524928
2	0	15	15362	21	22	1	721152
4	0	15	15364	32	3	1	98624
5	0	15	15365	1	3	1	98560
1	1	15	15425	15	10	1	328320
2	1	15	15426	21	16	1	524544
4	1	15	15428	34	1	1	32960
5	1	15	15429	2	34	1	1114304
1	2	15	15489	9	15	1	492544
2	2	15	15490	15	21	1	688768
4	2	15	15492	13	3	1	99840
5	2	15	15493	4	34	1	1114176
1	3	15	15553	9	9	1	295936
2	3	15	15554	15	15	1	492160
4	3	15	15556	16	1	1	34112
5	3	15	15557	3	3	1	98432
2	4	15	15618	21	10	1	327936
2	5	15	15682	21	4	1	131328
2	6	15	15746	15	9	1	295552
2	7	15	15810	15	3	1	98944
2	8	15	15874	9	22	1	721920
2	9	15	15938	9	16	1	525312
2	10	15	16002	3	21	1	689536
2	11	15	16066	3	15	1	492928
2	12	15	16130	9	10	1	328704
2	13	15	16194	9	4	1	132096
2	14	15	16258	3	9	1	296320
2	15	15	16322	3	3	1	99712
1	0	16	16385	15	17	1	557696
2	0	16	16386	21	23	1	753920
4	0	16	16388	31	3	1	98688
5	0	16	16389	1	2	1	65792
1	1	16	16449	15	11	1	361088
2	1	16	16450	21	17	1	557312
4	1	16	16452	35	1	1	32896
5	1	16	16453	2	35	1	1147072
1	2	16	16513	9	14	1	459776
2	2	16	16514	15	20	1	656000
4	2	16	16516	12	3	1	99904
5	2	16	16517	4	35	1	1146944
1	3	16	16577	9	8	1	263168
2	3	16	16578	15	14	1	459392
4	3	16	16580	17	1	1	34048
5	3	16	16581	3	2	1	65664
2	4	16	16642	21	11	1	360704
2	5	16	16706	21	5	1	164096
2	6	16	16770	15	8	1	262784
2	7	16	16834	15	2	1	66176
2	8	16	16898	9	23	1	754688
2	9	16	16962	9	17	1	558080
2	10	16	17026	3	20	1	656768
2	11	16	17090	3	14	1	460160
2	12	16	17154	9	11	1	361472
2	13	16	17218	9	5	1	164864
2	14	16	17282	3	8	1	263552
2	15	16	17346	3	2	1	66944
1	0	17	17409	15	18	1	590464
2	0	17	17410	21	24	1	786688
4	0	17	17412	30	3	1	98752
5	0	17	17413	1	1	1	33024
1	1	17	17473	15	12	1	393856
2	1	17	17474	21	18	1	590080
4	1	17	17476	36	1	1	32832
5	1	17	17477	2	36	1	1179840
1	2	17	17537	9	13	1	427008
2	2	17	17538	15	19	1	623232
4	2	17	17540	11	3	1	99968
5	2	17	17541	4	36	1	1179712
1	3	17	17601	9	7	1	230400
2	3	17	17602	15	13	1	426624
4	3	17	17604	18	1	1	33984
5	3	17	17605	3	1	1	32896
2	4	17	17666	21	12	1	393472
2	5	17	17730	21	6	1	196864
2	6	17	17794	15	7	1	230016
2	7	17	17858	15	1	1	33408
2	8	17	17922	9	24	1	787456
2	9	17	17986	9	18	1	590848
2	10	17	18050	3	19	1	624000
2	11	17	18114	3	13	1	427392
2	12	17	18178	9	12	1	394240
2	13	17	18242	9	6	1	197632
2	14	17	18306	3	7	1	230784
2	15	17	18370	3	1	1	34176
1	0	18	18433	16	13	1	426560
2	0	18	18434	22	19	1	622784
4	0	18	18436	29	3	1	98816
5	0	18	18437	2	1	1	32960
1	1	18	18497	16	7	1	229952
2	1	18	18498	22	13	1	426176
4	1	18	18500	19	2	1	66688
5	1	18	18501	1	36	1	1179904
1	2	18	18561	10	18	1	590784
2	2	18	18562	16	24	1	787008
4	2	18	18564	8	4	1	132928
5	2	18	18565	3	36	1	1179776
1	3	18	18625	10	12	1	394176
2	3	18	18626	16	18	1	590400
4	3	18	18628	1	2	1	67840
5	3	18	18629	4	1	1	32832
2	4	18	18690	22	7	1	229568
2	5	18	18754	22	1	1	32960
2	6	18	18818	16	12	1	393792
2	7	18	18882	16	6	1	197184
2	8	18	18946	10	19	1	623552
2	9	18	19010	10	13	1	426944
2	10	18	19074	4	24	1	787776
2	11	18	19138	4	18	1	591168
2	12	18	19202	10	7	1	230336
2	13	18	19266	10	1	1	33728
2	14	18	19330	4	12	1	394560
2	15	18	19394	4	6	1	197952
1	0	19	19457	16	14	1	459328
2	0	19	19458	22	20	1	655552
4	0	19	19460	28	3	1	98880
5	0	19	19461	2	2	1	65728
1	1	19	19521	16	8	1	262720
2	1	19	19522	22	14	1	458944
4	1	19	19524	20	2	1	66624
5	1	19	19525	1	35	1	1147136
1	2	19	19585	10	17	1	558016
2	2	19	19586	16	23	1	754240
4	2	19	19588	7	4	1	132992
5	2	19	19589	3	35	1	1147008
1	3	19	19649	10	11	1	361408
2	3	19	19650	16	17	1	557632
4	3	19	19652	2	2	1	67776
5	3	19	19653	4	2	1	65600
2	4	19	19714	22	8	1	262336
2	5	19	19778	22	2	1	65728
2	6	19	19842	16	11	1	361024
2	7	19	19906	16	5	1	164416
2	8	19	19970	10	20	1	656320
2	9	19	20034	10	14	1	459712
2	10	19	20098	4	23	1	755008
2	11	19	20162	4	17	1	558400
2	12	19	20226	10	8	1	263104
2	13	19	20290	10	2	1	66496
2	14	19	20354	4	11	1	361792
2	15	19	20418	4	5	1	165184
1	0	20	20481	16	15	1	492096
2	0	20	20482	22	21	1	688320
4	0	20	20484	27	3	1	98944
5	0	20	20485	2	3	1	98496
1	1	20	20545	16	9	1	295488
2	1	20	20546	22	15	1	491712
4	1	20	20548	21	2	1	66560
5	1	20	20549	1	34	1	1114368
1	2	20	20609	10	16	1	525248
2	2	20	20610	16	22	1	721472
4	2	20	20612	6	4	1	133056
5	2	20	20613	3	34	1	1114240
1	3	20	20673	10	10	1	328640
2	3	20	20674	16	16	1	524864
4	3	20	20676	3	2	1	67712
5	3	20	20677	4	3	1	98368
2	4	20	20738	22	9	1	295104
2	5	20	20802	22	3	1	98496
2	6	20	20866	16	10	1	328256
2	7	20	20930	16	4	1	131648
2	8	20	20994	10	21	1	689088
2	9	20	21058	10	15	1	492480
2	10	20	21122	4	22	1	722240
2	11	20	21186	4	16	1	525632
2	12	20	21250	10	9	1	295872
2	13	20	21314	10	3	1	99264
2	14	20	21378	4	10	1	329024
2	15	20	21442	4	4	1	132416
1	0	21	21505	16	16	1	524864
2	0	21	21506	22	22	1	721088
4	0	21	21508	26	3	1	99008
5	0	21	21509	2	4	1	131264
1	1	21	21569	16	10	1	328256
2	1	21	21570	22	16	1	524480
4	1	21	21572	22	2	1	66496
5	1	21	21573	1	33	1	1081600
1	2	21	21633	10	15	1	492480
2	2	21	21634	16	21	1	688704
4	2	21	21636	5	4	1	133120
5	2	21	21637	3	33	1	1081472
1	3	21	21697	10	9	1	295872
2	3	21	21698	16	15	1	492096
4	3	21	21700	4	2	1	67648
5	3	21	21701	4	4	1	131136
2	4	21	21762	22	10	1	327872
2	5	21	21826	22	4	1	131264
2	6	21	21890	16	9	1	295488
2	7	21	21954	16	3	1	98880
2	8	21	22018	10	22	1	721856
2	9	21	22082	10	16	1	525248
2	10	21	22146	4	21	1	689472
2	11	21	22210	4	15	1	492864
2	12	21	22274	10	10	1	328640
2	13	21	22338	10	4	1	132032
2	14	21	22402	4	9	1	296256
2	15	21	22466	4	3	1	99648
1	0	22	22529	16	17	1	557632
2	0	22	22530	22	23	1	753856
4	0	22	22532	25	3	1	99072
5	0	22	22533	2	5	1	164032
1	1	22	22593	16	11	1	361024
2	1	22	22594	22	17	1	557248
4	1	22	22596	23	2	1	66432
5	1	22	22597	1	32	1	1048832
1	2	22	22657	10	14	1	459712
2	2	22	22658	16	20	1	655936
4	2	22	22660	4	4	1	133184
5	2	22	22661	3	32	1	1048704
1	3	22	22721	10	8	1	263104
2	3	22	22722	16	14	1	459328
4	3	22	22724	5	2	1	67584
5	3	22	22725	4	5	1	163904
2	4	22	22786	22	11	1	360640
2	5	22	22850	22	5	1	164032
2	6	22	22914	16	8	1	262720
2	7	22	22978	16	2	1	66112
2	8	22	23042	10	23	1	754624
2	9	22	23106	10	17	1	558016
2	10	22	23170	4	20	1	656704
2	11	22	23234	4	14	1	460096
2	12	22	23298	10	11	1	361408
2	13	22	23362	10	5	1	164800
2	14	22	23426	4	8	1	263488
2	15	22	23490	4	2	1	66880
1	0	23	23553	16	18	1	590400
2	0	23	23554	22	24	1	786624
4	0	23	23556	24	3	1	99136
5	0	23	23557	2	6	1	196800
1	1	23	23617	16	12	1	393792
2	1	23	23618	22	18	1	590016
4	1	23	23620	24	2	1	66368
5	1	23	23621	1	31	1	1016064
1	2	23	23681	10	13	1	426944
2	2	23	23682	16	19	1	623168
4	2	23	23684	3	4	1	133248
5	2	23	23685	3	31	1	1015936
1	3	23	23745	10	7	1	230336
2	3	23	23746	16	13	1	426560
4	3	23	23748	6	2	1	67520
5	3	23	23749	4	6	1	196672
2	4	23	23810	22	12	1	393408
2	5	23	23874	22	6	1	196800
2	6	23	23938	16	7	1	229952
2	7	23	24002	16	1	1	33344
2	8	23	24066	10	24	1	787392
2	9	23	24130	10	18	1	590784
2	10	23	24194	4	19	1	623936
2	11	23	24258	4	13	1	427328
2	12	23	24322	10	12	1	394176
2	13	23	24386	10	6	1	197568
2	14	23	24450	4	7	1	230720
2	15	23	24514	4	1	1	34112
1	0	24	24577	17	13	1	426496
2	0	24	24578	23	19	1	622720
4	0	24	24580	23	3	1	99200
5	0	24	24581	2	7	1	229568
1	1	24	24641	17	7	1	229888
2	1	24	24642	23	13	1	426112
4	1	24	24644	25	2	1	66304
5	1	24	24645	1	30	1	983296
1	2	24	24705	11	18	1	590720
2	2	24	24706	17	24	1	786944
4	2	24	24708	10	3	1	100032
5	2	24	24709	3	30	1	983168
1	3	24	24769	11	12	1	394112
2	3	24	24770	17	18	1	590336
4	3	24	24772	7	2	1	67456
5	3	24	24773	4	7	1	229440
2	4	24	24834	23	7	1	229504
2	5	24	24898	23	1	1	32896
2	6	24	24962	17	12	1	393728
2	7	24	25026	17	6	1	197120
2	8	24	25090	11	19	1	623488
2	9	24	25154	11	13	1	426880
2	10	24	25218	5	24	1	787712
2	11	24	25282	5	18	1	591104
2	12	24	25346	11	7	1	230272
2	13	24	25410	11	1	1	33664
2	14	24	25474	5	12	1	394496
2	15	24	25538	5	6	1	197888
1	0	25	25601	17	14	1	459264
2	0	25	25602	23	20	1	655488
4	0	25	25604	22	3	1	99264
5	0	25	25605	2	8	1	262336
1	1	25	25665	17	8	1	262656
2	1	25	25666	23	14	1	458880
4	1	25	25668	26	2	1	66240
5	1	25	25669	1	29	1	950528
1	2	25	25729	11	17	1	557952
2	2	25	25730	17	23	1	754176
4	2	25	25732	2	4	1	133312
5	2	25	25733	3	29	1	950400
1	3	25	25793	11	11	1	361344
2	3	25	25794	17	17	1	557568
4	3	25	25796	8	2	1	67392
5	3	25	25797	4	8	1	262208
2	4	25	25858	23	8	1	262272
2	5	25	25922	23	2	1	65664
2	6	25	25986	17	11	1	360960
2	7	25	26050	17	5	1	164352
2	8	25	26114	11	20	1	656256
2	9	25	26178	11	14	1	459648
2	10	25	26242	5	23	1	754944
2	11	25	26306	5	17	1	558336
2	12	25	26370	11	8	1	263040
2	13	25	26434	11	2	1	66432
2	14	25	26498	5	11	1	361728
2	15	25	26562	5	5	1	165120
1	0	26	26625	17	15	1	492032
2	0	26	26626	23	21	1	688256
4	0	26	26628	21	3	1	99328
5	0	26	26629	2	9	1	295104
1	1	26	26689	17	9	1	295424
2	1	26	26690	23	15	1	491648
4	1	26	26692	27	2	1	66176
5	1	26	26693	1	28	1	917760
1	2	26	26753	11	16	1	525184
2	2	26	26754	17	22	1	721408
4	2	26	26756	1	4	1	133376
5	2	26	26757	3	28	1	917632
1	3	26	26817	11	10	1	328576
2	3	26	26818	17	16	1	524800
4	3	26	26820	9	2	1	67328
5	3	26	26821	4	9	1	294976
2	4	26	26882	23	9	1	295040
2	5	26	26946	23	3	1	98432
2	6	26	27010	17	10	1	328192
2	7	26	27074	17	4	1	131584
2	8	26	27138	11	21	1	689024
2	9	26	27202	11	15	1	492416
2	10	26	27266	5	22	1	722176
2	11	26	27330	5	16	1	525568
2	12	26	27394	11	9	1	295808
2	13	26	27458	11	3	1	99200
2	14	26	27522	5	10	1	328960
2	15	26	27586	5	4	1	132352
1	0	27	27649	17	16	1	524800
2	0	27	27650	23	22	1	721024
4	0	27	27652	20	3	1	99392
5	0	27	27653	2	10	1	327872
1	1	27	27713	17	10	1	328192
2	1	27	27714	23	16	1	524416
4	1	27	27716	28	2	1	66112
5	1	27	27717	1	27	1	884992
1	2	27	27777	11	15	1	492416
2	2	27	27778	17	21	1	688640
4	2	27	27780	9	3	1	100096
5	2	27	27781	3	27	1	884864
1	3	27	27841	11	9	1	295808
2	3	27	27842	17	15	1	492032
4	3	27	27844	10	2	1	67264
5	3	27	27845	4	10	1	327744
2	4	27	27906	23	10	1	327808
2	5	27	27970	23	4	1	131200
2	6	27	28034	17	9	1	295424
2	7	27	28098	17	3	1	98816
2	8	27	28162	11	22	1	721792
2	9	27	28226	11	16	1	525184
2	10	27	28290	5	21	1	689408
2	11	27	28354	5	15	1	492800
2	12	27	28418	11	10	1	328576
2	13	27	28482	11	4	1	131968
2	14	27	28546	5	9	1	296192
2	15	27	28610	5	3	1	99584
1	0	28	28673	17	17	1	557568
2	0	28	28674	23	23	1	753792
4	0	28	28676	19	3	1	99456
5	0	28	28677	2	18	1	590016
1	1	28	28737	17	11	1	360960
2	1	28	28738	23	17	1	557184
4	1	28	28740	29	2	1	66048
5	1	28	28741	1	19	1	622848
1	2	28	28801	11	14	1	459648
2	2	28	28802	17	20	1	655872
4	2	28	28804	8	3	1	100160
5	2	28	28805	3	19	1	622720
1	3	28	28865	11	8	1	263040
2	3	28	28866	17	14	1	459264
4	3	28	28868	11	2	1	67200
5	3	28	28869	4	18	1	589888
2	4	28	28930	23	11	1	360576
2	5	28	28994	23	5	1	163968
2	6	28	29058	17	8	1	262656
2	7	28	29122	17	2	1	66048
2	8	28	29186	11	23	1	754560
2	9	28	29250	11	17	1	557952
2	10	28	29314	5	20	1	656640
2	11	28	29378	5	14	1	460032
2	12	28	29442	11	11	1	361344
2	13	28	29506	11	5	1	164736
2	14	28	29570	5	8	1	263424
2	15	28	29634	5	2	1	66816
1	0	29	29697	17	18	1	590336
2	0	29	29698	23	24	1	786560
4	0	29	29700	25	4	1	131840
5	0	29	29701	2	17	1	557248
1	1	29	29761	17	12	1	393728
2	1	29	29762	23	18	1	589952
4	1	29	29764	30	2	1	65984
5	1	29	29765	1	20	1	655616
1	2	29	29825	11	13	1	426880
2	2	29	29826	17	19	1	623104
4	2	29	29828	7	3	1	100224
5	2	29	29829	3	20	1	655488
1	3	29	29889	11	7	1	230272
2	3	29	29890	17	13	1	426496
4	3	29	29892	12	2	1	67136
5	3	29	29893	4	17	1	557120
2	4	29	29954	23	12	1	393344
2	5	29	30018	23	6	1	196736
2	6	29	30082	17	7	1	229888
2	7	29	30146	17	1	1	33280
2	8	29	30210	11	24	1	787328
2	9	29	30274	11	18	1	590720
2	10	29	30338	5	19	1	623872
2	11	29	30402	5	13	1	427264
2	12	29	30466	11	12	1	394112
2	13	29	30530	11	6	1	197504
2	14	29	30594	5	7	1	230656
2	15	29	30658	5	1	1	34048
1	0	30	30721	18	13	1	426432
2	0	30	30722	24	19	1	622656
4	0	30	30724	24	4	1	131904
5	0	30	30725	2	16	1	524480
1	1	30	30785	18	7	1	229824
2	1	30	30786	24	13	1	426048
4	1	30	30788	31	2	1	65920
5	1	30	30789	1	21	1	688384
1	2	30	30849	12	18	1	590656
2	2	30	30850	18	24	1	786880
4	2	30	30852	6	3	1	100288
5	2	30	30853	3	21	1	688256
1	3	30	30913	12	12	1	394048
2	3	30	30914	18	18	1	590272
4	3	30	30916	13	2	1	67072
5	3	30	30917	4	16	1	524352
2	4	30	30978	24	7	1	229440
2	5	30	31042	24	1	1	32832
2	6	30	31106	18	12	1	393664
2	7	30	31170	18	6	1	197056
2	8	30	31234	12	19	1	623424
2	9	30	31298	12	13	1	426816
2	10	30	31362	6	24	1	787648
2	11	30	31426	6	18	1	591040
2	12	30	31490	12	7	1	230208
2	13	30	31554	12	1	1	33600
2	14	30	31618	6	12	1	394432
2	15	30	31682	6	6	1	197824
1	0	31	31745	18	14	1	459200
2	0	31	31746	24	20	1	655424
4	0	31	31748	23	4	1	131968
5	0	31	31749	2	15	1	491712
1	1	31	31809	18	8	1	262592
2	1	31	31810	24	14	1	458816
4	1	31	31812	32	2	1	65856
5	1	31	31813	1	22	1	721152
1	2	31	31873	12	17	1	557888
2	2	31	31874	18	23	1	754112
4	2	31	31876	5	3	1	100352
5	2	31	31877	3	22	1	721024
1	3	31	31937	12	11	1	361280
2	3	31	31938	18	17	1	557504
4	3	31	31940	14	2	1	67008
5	3	31	31941	4	15	1	491584
2	4	31	32002	24	8	1	262208
2	5	31	32066	24	2	1	65600
2	6	31	32130	18	11	1	360896
2	7	31	32194	18	5	1	164288
2	8	31	32258	12	20	1	656192
2	9	31	32322	12	14	1	459584
2	10	31	32386	6	23	1	754880
2	11	31	32450	6	17	1	558272
2	12	31	32514	12	8	1	262976
2	13	31	32578	12	2	1	66368
2	14	31	32642	6	11	1	361664
2	15	31	32706	6	5	1	165056
1	0	32	32769	18	15	1	491968
2	0	32	32770	24	21	1	688192
4	0	32	32772	22	4	1	132032
5	0	32	32773	2	14	1	458944
1	1	32	32833	18	9	1	295360
2	1	32	32834	24	15	1	491584
4	1	32	32836	33	2	1	65792
5	1	32	32837	1	23	1	753920
1	2	32	32897	12	16	1	525120
2	2	32	32898	18	22	1	721344
4	2	32	32900	4	3	1	100416
5	2	32	32901	3	23	1	753792
1	3	32	32961	12	10	1	328512
2	3	32	32962	18	16	1	524736
4	3	32	32964	15	2	1	66944
5	3	32	32965	4	14	1	458816
2	4	32	33026	24	9	1	294976
2	5	32	33090	24	3	1	98368
2	6	32	33154	18	10	1	328128
2	7	32	33218	18	4	1	131520
2	8	32	33282	12	21	1	688960
2	9	32	33346	12	15	1	492352
2	10	32	33410	6	22	1	722112
2	11	32	33474	6	16	1	525504
2	12	32	33538	12	9	1	295744
2	13	32	33602	12	3	1	99136
2	14	32	33666	6	10	1	328896
2	15	32	33730	6	4	1	132288
1	0	33	33793	18	16	1	524736
2	0	33	33794	24	22	1	720960
4	0	33	33796	21	4	1	132096
5	0	33	33797	2	13	1	426176
1	1	33	33857	18	10	1	328128
2	1	33	33858	24	16	1	524352
4	1	33	33860	34	2	1	65728
5	1	33	33861	1	24	1	786688
1	2	33	33921	12	15	1	492352
2	2	33	33922	18	21	1	688576
4	2	33	33924	3	3	1	100480
5	2	33	33925	3	24	1	786560
1	3	33	33985	12	9	1	295744
2	3	33	33986	18	15	1	491968
4	3	33	33988	16	2	1	66880
5	3	33	33989	4	13	1	426048
2	4	33	34050	24	10	1	327744
2	5	33	34114	24	4	1	131136
2	6	33	34178	18	9	1	295360
2	7	33	34242	18	3	1	98752
2	8	33	34306	12	22	1	721728
2	9	33	34370	12	16	1	525120
2	10	33	34434	6	21	1	689344
2	11	33	34498	6	15	1	492736
2	12	33	34562	12	10	1	328512
2	13	33	34626	12	4	1	131904
2	14	33	34690	6	9	1	296128
2	15	33	34754	6	3	1	99520
1	0	34	34817	18	17	1	557504
2	0	34	34818	24	23	1	753728
4	0	34	34820	20	4	1	132160
5	0	34	34821	2	12	1	393408
1	1	34	34881	18	11	1	360896
2	1	34	34882	24	17	1	557120
4	1	34	34884	35	2	1	65664
5	1	34	34885	1	25	1	819456
1	2	34	34945	12	14	1	459584
2	2	34	34946	18	20	1	655808
4	2	34	34948	2	3	1	100544
5	2	34	34949	3	25	1	819328
1	3	34	35009	12	8	1	262976
2	3	34	35010	18	14	1	459200
4	3	34	35012	17	2	1	66816
5	3	34	35013	4	12	1	393280
2	4	34	35074	24	11	1	360512
2	5	34	35138	24	5	1	163904
2	6	34	35202	18	8	1	262592
2	7	34	35266	18	2	1	65984
2	8	34	35330	12	23	1	754496
2	9	34	35394	12	17	1	557888
2	10	34	35458	6	20	1	656576
2	11	34	35522	6	14	1	459968
2	12	34	35586	12	11	1	361280
2	13	34	35650	12	5	1	164672
2	14	34	35714	6	8	1	263360
2	15	34	35778	6	2	1	66752
1	0	35	35841	18	18	1	590272
2	0	35	35842	24	24	1	786496
4	0	35	35844	19	4	1	132224
5	0	35	35845	2	11	1	360640
1	1	35	35905	18	12	1	393664
2	1	35	35906	24	18	1	589888
4	1	35	35908	36	2	1	65600
5	1	35	35909	1	26	1	852224
1	2	35	35969	12	13	1	426816
2	2	35	35970	18	19	1	623040
4	2	35	35972	1	3	1	100608
5	2	35	35973	3	26	1	852096
1	3	35	36033	12	7	1	230208
2	3	35	36034	18	13	1	426432
4	3	35	36036	18	2	1	66752
5	3	35	36037	4	11	1	360512
2	4	35	36098	24	12	1	393280
2	5	35	36162	24	6	1	196672
2	6	35	36226	18	7	1	229824
2	7	35	36290	18	1	1	33216
2	8	35	36354	12	24	1	787264
2	9	35	36418	12	18	1	590656
2	10	35	36482	6	19	1	623808
2	11	35	36546	6	13	1	427200
2	12	35	36610	12	12	1	394048
2	13	35	36674	12	6	1	197440
2	14	35	36738	6	7	1	230592
2	15	35	36802	6	1	1	33984
