#	 Module 	 Chip 	 Chn 	 CellID1 	 I 	 J 	 K 	 CellID0
	3	0	0	3	26	3	1	99968
	3	1	0	67	11	4	1	131776
	3	2	0	131	11	2	1	66240
	3	3	0	195	26	1	1	34432
	3	0	1	1027	25	3	1	99904
	3	1	1	1091	12	4	1	131840
	3	2	1	1155	12	2	1	66304
	3	3	1	1219	25	1	1	34368
	3	0	2	2051	24	3	1	99840
	3	1	2	2115	13	4	1	131904
	3	2	2	2179	13	2	1	66368
	3	3	2	2243	24	1	1	34304
	3	0	3	3075	23	3	1	99776
	3	1	3	3139	14	4	1	131968
	3	2	3	3203	14	2	1	66432
	3	3	3	3267	23	1	1	34240
	3	0	4	4099	22	3	1	99712
	3	1	4	4163	15	4	1	132032
	3	2	4	4227	15	2	1	66496
	3	3	4	4291	22	1	1	34176
	3	0	5	5123	21	3	1	99648
	3	1	5	5187	16	4	1	132096
	3	2	5	5251	16	2	1	66560
	3	3	5	5315	21	1	1	34112
	3	0	6	6147	20	3	1	99584
	3	1	6	6211	17	4	1	132160
	3	2	6	6275	17	2	1	66624
	3	3	6	6339	20	1	1	34048
	3	0	7	7171	19	3	1	99520
	3	1	7	7235	18	4	1	132224
	3	2	7	7299	18	2	1	66688
	3	3	7	7363	19	1	1	33984
	3	0	8	8195	27	3	1	100032
	3	1	8	8259	10	4	1	131712
	3	2	8	8323	10	2	1	66176
	3	3	8	8387	27	1	1	34496
	3	0	9	9219	28	3	1	100096
	3	1	9	9283	9	4	1	131648
	3	2	9	9347	9	2	1	66112
	3	3	9	9411	28	1	1	34560
	3	0	10	10243	29	3	1	100160
	3	1	10	10307	8	4	1	131584
	3	2	10	10371	8	2	1	66048
	3	3	10	10435	29	1	1	34624
	3	0	11	11267	30	3	1	100224
	3	1	11	11331	7	4	1	131520
	3	2	11	11395	7	2	1	65984
	3	3	11	11459	30	1	1	34688
	3	0	12	12291	31	3	1	100288
	3	1	12	12355	6	4	1	131456
	3	2	12	12419	6	2	1	65920
	3	3	12	12483	31	1	1	34752
	3	0	13	13315	32	3	1	100352
	3	1	13	13379	5	4	1	131392
	3	2	13	13443	5	2	1	65856
	3	3	13	13507	32	1	1	34816
	3	0	14	14339	33	3	1	100416
	3	1	14	14403	4	4	1	131328
	3	2	14	14467	4	2	1	65792
	3	3	14	14531	33	1	1	34880
	3	0	15	15363	34	3	1	100480
	3	1	15	15427	3	4	1	131264
	3	2	15	15491	3	2	1	65728
	3	3	15	15555	34	1	1	34944
	3	0	16	16387	35	3	1	100544
	3	1	16	16451	2	4	1	131200
	3	2	16	16515	2	2	1	65664
	3	3	16	16579	35	1	1	35008
	3	0	17	17411	36	3	1	100608
	3	1	17	17475	1	4	1	131136
	3	2	17	17539	1	2	1	65600
	3	3	17	17603	36	1	1	35072
	3	0	18	18435	36	4	1	133376
	3	1	18	18499	1	3	1	98368
	3	2	18	18563	1	1	1	32832
	3	3	18	18627	36	2	1	67840
	3	0	19	19459	35	4	1	133312
	3	1	19	19523	2	3	1	98432
	3	2	19	19587	2	1	1	32896
	3	3	19	19651	35	2	1	67776
	3	0	20	20483	34	4	1	133248
	3	1	20	20547	3	3	1	98496
	3	2	20	20611	3	1	1	32960
	3	3	20	20675	34	2	1	67712
	3	0	21	21507	33	4	1	133184
	3	1	21	21571	4	3	1	98560
	3	2	21	21635	4	1	1	33024
	3	3	21	21699	33	2	1	67648
	3	0	22	22531	32	4	1	133120
	3	1	22	22595	5	3	1	98624
	3	2	22	22659	5	1	1	33088
	3	3	22	22723	32	2	1	67584
	3	0	23	23555	31	4	1	133056
	3	1	23	23619	6	3	1	98688
	3	2	23	23683	6	1	1	33152
	3	3	23	23747	31	2	1	67520
	3	0	24	24579	30	4	1	132992
	3	1	24	24643	7	3	1	98752
	3	2	24	24707	7	1	1	33216
	3	3	24	24771	30	2	1	67456
	3	0	25	25603	29	4	1	132928
	3	1	25	25667	8	3	1	98816
	3	2	25	25731	8	1	1	33280
	3	3	25	25795	29	2	1	67392
	3	0	26	26627	28	4	1	132864
	3	1	26	26691	9	3	1	98880
	3	2	26	26755	9	1	1	33344
	3	3	26	26819	28	2	1	67328
	3	0	27	27651	27	4	1	132800
	3	1	27	27715	10	3	1	98944
	3	2	27	27779	10	1	1	33408
	3	3	27	27843	27	2	1	67264
	3	0	28	28675	19	4	1	132288
	3	1	28	28739	18	3	1	99456
	3	2	28	28803	18	1	1	33920
	3	3	28	28867	19	2	1	66752
	3	0	29	29699	20	4	1	132352
	3	1	29	29763	17	3	1	99392
	3	2	29	29827	17	1	1	33856
	3	3	29	29891	20	2	1	66816
	3	0	30	30723	21	4	1	132416
	3	1	30	30787	16	3	1	99328
	3	2	30	30851	16	1	1	33792
	3	3	30	30915	21	2	1	66880
	3	0	31	31747	22	4	1	132480
	3	1	31	31811	15	3	1	99264
	3	2	31	31875	15	1	1	33728
	3	3	31	31939	22	2	1	66944
	3	0	32	32771	23	4	1	132544
	3	1	32	32835	14	3	1	99200
	3	2	32	32899	14	1	1	33664
	3	3	32	32963	23	2	1	67008
	3	0	33	33795	24	4	1	132608
	3	1	33	33859	13	3	1	99136
	3	2	33	33923	13	1	1	33600
	3	3	33	33987	24	2	1	67072
	3	0	34	34819	25	4	1	132672
	3	1	34	34883	12	3	1	99072
	3	2	34	34947	12	1	1	33536
	3	3	34	35011	25	2	1	67136
	3	0	35	35843	26	4	1	132736
	3	1	35	35907	11	3	1	99008
	3	2	35	35971	11	1	1	33472
	3	3	35	36035	26	2	1	67200
	1	0	0	1	12	12	1	393984
	2	0	0	2	6	6	1	196992
	4	0	0	4	1	10	1	327744
	5	0	0	5	26	4	1	132736
	1	1	0	65	18	12	1	394368
	2	1	0	66	12	6	1	197376
	4	1	0	68	4	18	1	590080
	5	1	0	69	11	3	1	99008
	1	2	0	129	7	18	1	590272
	2	2	0	130	1	12	1	393280
	4	2	0	132	1	28	1	917568
	5	2	0	133	11	1	1	33472
	1	3	0	193	13	18	1	590656
	2	3	0	194	7	12	1	393664
	4	3	0	196	4	36	1	1179904
	5	3	0	197	26	2	1	67200
	2	4	0	258	18	6	1	197760
	2	5	0	322	24	6	1	198144
	2	6	0	386	13	12	1	394048
	2	7	0	450	19	12	1	394432
	2	8	0	514	6	18	1	590208
	2	9	0	578	12	18	1	590592
	2	10	0	642	1	24	1	786496
	2	11	0	706	7	24	1	786880
	2	12	0	770	18	18	1	590976
	2	13	0	834	24	18	1	591360
	2	14	0	898	13	24	1	787264
	2	15	0	962	19	24	1	787648
	1	0	1	1025	11	12	1	393920
	2	0	1	1026	5	6	1	196928
	4	0	1	1028	1	11	1	360512
	5	0	1	1029	25	4	1	132672
	1	1	1	1089	17	12	1	394304
	2	1	1	1090	11	6	1	197312
	4	1	1	1092	4	17	1	557312
	5	1	1	1093	12	3	1	99072
	1	2	1	1153	8	18	1	590336
	2	2	1	1154	2	12	1	393344
	4	2	1	1156	1	27	1	884800
	5	2	1	1157	12	1	1	33536
	1	3	1	1217	14	18	1	590720
	2	3	1	1218	8	12	1	393728
	4	3	1	1220	4	35	1	1147136
	5	3	1	1221	25	2	1	67136
	2	4	1	1282	17	6	1	197696
	2	5	1	1346	23	6	1	198080
	2	6	1	1410	14	12	1	394112
	2	7	1	1474	20	12	1	394496
	2	8	1	1538	5	18	1	590144
	2	9	1	1602	11	18	1	590528
	2	10	1	1666	2	24	1	786560
	2	11	1	1730	8	24	1	786944
	2	12	1	1794	17	18	1	590912
	2	13	1	1858	23	18	1	591296
	2	14	1	1922	14	24	1	787328
	2	15	1	1986	20	24	1	787712
	1	0	2	2049	10	12	1	393856
	2	0	2	2050	4	6	1	196864
	4	0	2	2052	1	9	1	294976
	5	0	2	2053	24	4	1	132608
	1	1	2	2113	16	12	1	394240
	2	1	2	2114	10	6	1	197248
	4	1	2	2116	4	16	1	524544
	5	1	2	2117	13	3	1	99136
	1	2	2	2177	9	18	1	590400
	2	2	2	2178	3	12	1	393408
	4	2	2	2180	1	26	1	852032
	5	2	2	2181	13	1	1	33600
	1	3	2	2241	15	18	1	590784
	2	3	2	2242	9	12	1	393792
	4	3	2	2244	4	34	1	1114368
	5	3	2	2245	24	2	1	67072
	2	4	2	2306	16	6	1	197632
	2	5	2	2370	22	6	1	198016
	2	6	2	2434	15	12	1	394176
	2	7	2	2498	21	12	1	394560
	2	8	2	2562	4	18	1	590080
	2	9	2	2626	10	18	1	590464
	2	10	2	2690	3	24	1	786624
	2	11	2	2754	9	24	1	787008
	2	12	2	2818	16	18	1	590848
	2	13	2	2882	22	18	1	591232
	2	14	2	2946	15	24	1	787392
	2	15	2	3010	21	24	1	787776
	1	0	3	3073	9	12	1	393792
	2	0	3	3074	3	6	1	196800
	4	0	3	3076	1	8	1	262208
	5	0	3	3077	23	4	1	132544
	1	1	3	3137	15	12	1	394176
	2	1	3	3138	9	6	1	197184
	4	1	3	3140	4	15	1	491776
	5	1	3	3141	14	3	1	99200
	1	2	3	3201	10	18	1	590464
	2	2	3	3202	4	12	1	393472
	4	2	3	3204	1	25	1	819264
	5	2	3	3205	14	1	1	33664
	1	3	3	3265	16	18	1	590848
	2	3	3	3266	10	12	1	393856
	4	3	3	3268	4	33	1	1081600
	5	3	3	3269	23	2	1	67008
	2	4	3	3330	15	6	1	197568
	2	5	3	3394	21	6	1	197952
	2	6	3	3458	16	12	1	394240
	2	7	3	3522	22	12	1	394624
	2	8	3	3586	3	18	1	590016
	2	9	3	3650	9	18	1	590400
	2	10	3	3714	4	24	1	786688
	2	11	3	3778	10	24	1	787072
	2	12	3	3842	15	18	1	590784
	2	13	3	3906	21	18	1	591168
	2	14	3	3970	16	24	1	787456
	2	15	3	4034	22	24	1	787840
	1	0	4	4097	8	12	1	393728
	2	0	4	4098	2	6	1	196736
	4	0	4	4100	1	7	1	229440
	5	0	4	4101	22	4	1	132480
	1	1	4	4161	14	12	1	394112
	2	1	4	4162	8	6	1	197120
	4	1	4	4164	4	14	1	459008
	5	1	4	4165	15	3	1	99264
	1	2	4	4225	11	18	1	590528
	2	2	4	4226	5	12	1	393536
	4	2	4	4228	1	24	1	786496
	5	2	4	4229	15	1	1	33728
	1	3	4	4289	17	18	1	590912
	2	3	4	4290	11	12	1	393920
	4	3	4	4292	4	32	1	1048832
	5	3	4	4293	22	2	1	66944
	2	4	4	4354	14	6	1	197504
	2	5	4	4418	20	6	1	197888
	2	6	4	4482	17	12	1	394304
	2	7	4	4546	23	12	1	394688
	2	8	4	4610	2	18	1	589952
	2	9	4	4674	8	18	1	590336
	2	10	4	4738	5	24	1	786752
	2	11	4	4802	11	24	1	787136
	2	12	4	4866	14	18	1	590720
	2	13	4	4930	20	18	1	591104
	2	14	4	4994	17	24	1	787520
	2	15	4	5058	23	24	1	787904
	1	0	5	5121	7	12	1	393664
	2	0	5	5122	1	6	1	196672
	4	0	5	5124	1	6	1	196672
	5	0	5	5125	21	4	1	132416
	1	1	5	5185	13	12	1	394048
	2	1	5	5186	7	6	1	197056
	4	1	5	5188	4	13	1	426240
	5	1	5	5189	16	3	1	99328
	1	2	5	5249	12	18	1	590592
	2	2	5	5250	6	12	1	393600
	4	2	5	5252	1	23	1	753728
	5	2	5	5253	16	1	1	33792
	1	3	5	5313	18	18	1	590976
	2	3	5	5314	12	12	1	393984
	4	3	5	5316	4	31	1	1016064
	5	3	5	5317	21	2	1	66880
	2	4	5	5378	13	6	1	197440
	2	5	5	5442	19	6	1	197824
	2	6	5	5506	18	12	1	394368
	2	7	5	5570	24	12	1	394752
	2	8	5	5634	1	18	1	589888
	2	9	5	5698	7	18	1	590272
	2	10	5	5762	6	24	1	786816
	2	11	5	5826	12	24	1	787200
	2	12	5	5890	13	18	1	590656
	2	13	5	5954	19	18	1	591040
	2	14	5	6018	18	24	1	787584
	2	15	5	6082	24	24	1	787968
	1	0	6	6145	12	11	1	361216
	2	0	6	6146	6	5	1	164224
	4	0	6	6148	1	5	1	163904
	5	0	6	6149	20	4	1	132352
	1	1	6	6209	18	11	1	361600
	2	1	6	6210	12	5	1	164608
	4	1	6	6212	4	12	1	393472
	5	1	6	6213	17	3	1	99392
	1	2	6	6273	7	17	1	557504
	2	2	6	6274	1	11	1	360512
	4	2	6	6276	1	22	1	720960
	5	2	6	6277	17	1	1	33856
	1	3	6	6337	13	17	1	557888
	2	3	6	6338	7	11	1	360896
	4	3	6	6340	4	30	1	983296
	5	3	6	6341	20	2	1	66816
	2	4	6	6402	18	5	1	164992
	2	5	6	6466	24	5	1	165376
	2	6	6	6530	13	11	1	361280
	2	7	6	6594	19	11	1	361664
	2	8	6	6658	6	17	1	557440
	2	9	6	6722	12	17	1	557824
	2	10	6	6786	1	23	1	753728
	2	11	6	6850	7	23	1	754112
	2	12	6	6914	18	17	1	558208
	2	13	6	6978	24	17	1	558592
	2	14	6	7042	13	23	1	754496
	2	15	6	7106	19	23	1	754880
	1	0	7	7169	11	11	1	361152
	2	0	7	7170	5	5	1	164160
	4	0	7	7172	1	4	1	131136
	5	0	7	7173	19	4	1	132288
	1	1	7	7233	17	11	1	361536
	2	1	7	7234	11	5	1	164544
	4	1	7	7236	4	11	1	360704
	5	1	7	7237	18	3	1	99456
	1	2	7	7297	8	17	1	557568
	2	2	7	7298	2	11	1	360576
	4	2	7	7300	1	21	1	688192
	5	2	7	7301	18	1	1	33920
	1	3	7	7361	14	17	1	557952
	2	3	7	7362	8	11	1	360960
	4	3	7	7364	4	29	1	950528
	5	3	7	7365	19	2	1	66752
	2	4	7	7426	17	5	1	164928
	2	5	7	7490	23	5	1	165312
	2	6	7	7554	14	11	1	361344
	2	7	7	7618	20	11	1	361728
	2	8	7	7682	5	17	1	557376
	2	9	7	7746	11	17	1	557760
	2	10	7	7810	2	23	1	753792
	2	11	7	7874	8	23	1	754176
	2	12	7	7938	17	17	1	558144
	2	13	7	8002	23	17	1	558528
	2	14	7	8066	14	23	1	754560
	2	15	7	8130	20	23	1	754944
	1	0	8	8193	10	11	1	361088
	2	0	8	8194	4	5	1	164096
	4	0	8	8196	1	3	1	98368
	5	0	8	8197	27	4	1	132800
	1	1	8	8257	16	11	1	361472
	2	1	8	8258	10	5	1	164480
	4	1	8	8260	4	10	1	327936
	5	1	8	8261	10	3	1	98944
	1	2	8	8321	9	17	1	557632
	2	2	8	8322	3	11	1	360640
	4	2	8	8324	1	20	1	655424
	5	2	8	8325	10	1	1	33408
	1	3	8	8385	15	17	1	558016
	2	3	8	8386	9	11	1	361024
	4	3	8	8388	4	28	1	917760
	5	3	8	8389	27	2	1	67264
	2	4	8	8450	16	5	1	164864
	2	5	8	8514	22	5	1	165248
	2	6	8	8578	15	11	1	361408
	2	7	8	8642	21	11	1	361792
	2	8	8	8706	4	17	1	557312
	2	9	8	8770	10	17	1	557696
	2	10	8	8834	3	23	1	753856
	2	11	8	8898	9	23	1	754240
	2	12	8	8962	16	17	1	558080
	2	13	8	9026	22	17	1	558464
	2	14	8	9090	15	23	1	754624
	2	15	8	9154	21	23	1	755008
	1	0	9	9217	9	11	1	361024
	2	0	9	9218	3	5	1	164032
	4	0	9	9220	1	2	1	65600
	5	0	9	9221	28	4	1	132864
	1	1	9	9281	15	11	1	361408
	2	1	9	9282	9	5	1	164416
	4	1	9	9284	4	9	1	295168
	5	1	9	9285	9	3	1	98880
	1	2	9	9345	10	17	1	557696
	2	2	9	9346	4	11	1	360704
	4	2	9	9348	1	19	1	622656
	5	2	9	9349	9	1	1	33344
	1	3	9	9409	16	17	1	558080
	2	3	9	9410	10	11	1	361088
	4	3	9	9412	4	27	1	884992
	5	3	9	9413	28	2	1	67328
	2	4	9	9474	15	5	1	164800
	2	5	9	9538	21	5	1	165184
	2	6	9	9602	16	11	1	361472
	2	7	9	9666	22	11	1	361856
	2	8	9	9730	3	17	1	557248
	2	9	9	9794	9	17	1	557632
	2	10	9	9858	4	23	1	753920
	2	11	9	9922	10	23	1	754304
	2	12	9	9986	15	17	1	558016
	2	13	9	10050	21	17	1	558400
	2	14	9	10114	16	23	1	754688
	2	15	9	10178	22	23	1	755072
	1	0	10	10241	8	11	1	360960
	2	0	10	10242	2	5	1	163968
	4	0	10	10244	1	1	1	32832
	5	0	10	10245	29	4	1	132928
	1	1	10	10305	14	11	1	361344
	2	1	10	10306	8	5	1	164352
	4	1	10	10308	4	8	1	262400
	5	1	10	10309	8	3	1	98816
	1	2	10	10369	11	17	1	557760
	2	2	10	10370	5	11	1	360768
	4	2	10	10372	2	19	1	622720
	5	2	10	10373	8	1	1	33280
	1	3	10	10433	17	17	1	558144
	2	3	10	10434	11	11	1	361152
	4	3	10	10436	4	26	1	852224
	5	3	10	10437	29	2	1	67392
	2	4	10	10498	14	5	1	164736
	2	5	10	10562	20	5	1	165120
	2	6	10	10626	17	11	1	361536
	2	7	10	10690	23	11	1	361920
	2	8	10	10754	2	17	1	557184
	2	9	10	10818	8	17	1	557568
	2	10	10	10882	5	23	1	753984
	2	11	10	10946	11	23	1	754368
	2	12	10	11010	14	17	1	557952
	2	13	10	11074	20	17	1	558336
	2	14	10	11138	17	23	1	754752
	2	15	10	11202	23	23	1	755136
	1	0	11	11265	7	11	1	360896
	2	0	11	11266	1	5	1	163904
	4	0	11	11268	2	1	1	32896
	5	0	11	11269	30	4	1	132992
	1	1	11	11329	13	11	1	361280
	2	1	11	11330	7	5	1	164288
	4	1	11	11332	4	7	1	229632
	5	1	11	11333	7	3	1	98752
	1	2	11	11393	12	17	1	557824
	2	2	11	11394	6	11	1	360832
	4	2	11	11396	2	20	1	655488
	5	2	11	11397	7	1	1	33216
	1	3	11	11457	18	17	1	558208
	2	3	11	11458	12	11	1	361216
	4	3	11	11460	4	25	1	819456
	5	3	11	11461	30	2	1	67456
	2	4	11	11522	13	5	1	164672
	2	5	11	11586	19	5	1	165056
	2	6	11	11650	18	11	1	361600
	2	7	11	11714	24	11	1	361984
	2	8	11	11778	1	17	1	557120
	2	9	11	11842	7	17	1	557504
	2	10	11	11906	6	23	1	754048
	2	11	11	11970	12	23	1	754432
	2	12	11	12034	13	17	1	557888
	2	13	11	12098	19	17	1	558272
	2	14	11	12162	18	23	1	754816
	2	15	11	12226	24	23	1	755200
	1	0	12	12289	12	10	1	328448
	2	0	12	12290	6	4	1	131456
	4	0	12	12292	2	2	1	65664
	5	0	12	12293	31	4	1	133056
	1	1	12	12353	18	10	1	328832
	2	1	12	12354	12	4	1	131840
	4	1	12	12356	4	6	1	196864
	5	1	12	12357	6	3	1	98688
	1	2	12	12417	7	16	1	524736
	2	2	12	12418	1	10	1	327744
	4	2	12	12420	2	21	1	688256
	5	2	12	12421	6	1	1	33152
	1	3	12	12481	13	16	1	525120
	2	3	12	12482	7	10	1	328128
	4	3	12	12484	4	24	1	786688
	5	3	12	12485	31	2	1	67520
	2	4	12	12546	18	4	1	132224
	2	5	12	12610	24	4	1	132608
	2	6	12	12674	13	10	1	328512
	2	7	12	12738	19	10	1	328896
	2	8	12	12802	6	16	1	524672
	2	9	12	12866	12	16	1	525056
	2	10	12	12930	1	22	1	720960
	2	11	12	12994	7	22	1	721344
	2	12	12	13058	18	16	1	525440
	2	13	12	13122	24	16	1	525824
	2	14	12	13186	13	22	1	721728
	2	15	12	13250	19	22	1	722112
	1	0	13	13313	11	10	1	328384
	2	0	13	13314	5	4	1	131392
	4	0	13	13316	2	3	1	98432
	5	0	13	13317	32	4	1	133120
	1	1	13	13377	17	10	1	328768
	2	1	13	13378	11	4	1	131776
	4	1	13	13380	4	5	1	164096
	5	1	13	13381	5	3	1	98624
	1	2	13	13441	8	16	1	524800
	2	2	13	13442	2	10	1	327808
	4	2	13	13444	2	22	1	721024
	5	2	13	13445	5	1	1	33088
	1	3	13	13505	14	16	1	525184
	2	3	13	13506	8	10	1	328192
	4	3	13	13508	4	23	1	753920
	5	3	13	13509	32	2	1	67584
	2	4	13	13570	17	4	1	132160
	2	5	13	13634	23	4	1	132544
	2	6	13	13698	14	10	1	328576
	2	7	13	13762	20	10	1	328960
	2	8	13	13826	5	16	1	524608
	2	9	13	13890	11	16	1	524992
	2	10	13	13954	2	22	1	721024
	2	11	13	14018	8	22	1	721408
	2	12	13	14082	17	16	1	525376
	2	13	13	14146	23	16	1	525760
	2	14	13	14210	14	22	1	721792
	2	15	13	14274	20	22	1	722176
	1	0	14	14337	10	10	1	328320
	2	0	14	14338	4	4	1	131328
	4	0	14	14340	2	4	1	131200
	5	0	14	14341	33	4	1	133184
	1	1	14	14401	16	10	1	328704
	2	1	14	14402	10	4	1	131712
	4	1	14	14404	4	4	1	131328
	5	1	14	14405	4	3	1	98560
	1	2	14	14465	9	16	1	524864
	2	2	14	14466	3	10	1	327872
	4	2	14	14468	2	23	1	753792
	5	2	14	14469	4	1	1	33024
	1	3	14	14529	15	16	1	525248
	2	3	14	14530	9	10	1	328256
	4	3	14	14532	4	22	1	721152
	5	3	14	14533	33	2	1	67648
	2	4	14	14594	16	4	1	132096
	2	5	14	14658	22	4	1	132480
	2	6	14	14722	15	10	1	328640
	2	7	14	14786	21	10	1	329024
	2	8	14	14850	4	16	1	524544
	2	9	14	14914	10	16	1	524928
	2	10	14	14978	3	22	1	721088
	2	11	14	15042	9	22	1	721472
	2	12	14	15106	16	16	1	525312
	2	13	14	15170	22	16	1	525696
	2	14	14	15234	15	22	1	721856
	2	15	14	15298	21	22	1	722240
	1	0	15	15361	9	10	1	328256
	2	0	15	15362	3	4	1	131264
	4	0	15	15364	2	5	1	163968
	5	0	15	15365	34	4	1	133248
	1	1	15	15425	15	10	1	328640
	2	1	15	15426	9	4	1	131648
	4	1	15	15428	4	3	1	98560
	5	1	15	15429	3	3	1	98496
	1	2	15	15489	10	16	1	524928
	2	2	15	15490	4	10	1	327936
	4	2	15	15492	2	24	1	786560
	5	2	15	15493	3	1	1	32960
	1	3	15	15553	16	16	1	525312
	2	3	15	15554	10	10	1	328320
	4	3	15	15556	4	21	1	688384
	5	3	15	15557	34	2	1	67712
	2	4	15	15618	15	4	1	132032
	2	5	15	15682	21	4	1	132416
	2	6	15	15746	16	10	1	328704
	2	7	15	15810	22	10	1	329088
	2	8	15	15874	3	16	1	524480
	2	9	15	15938	9	16	1	524864
	2	10	15	16002	4	22	1	721152
	2	11	15	16066	10	22	1	721536
	2	12	15	16130	15	16	1	525248
	2	13	15	16194	21	16	1	525632
	2	14	15	16258	16	22	1	721920
	2	15	15	16322	22	22	1	722304
	1	0	16	16385	8	10	1	328192
	2	0	16	16386	2	4	1	131200
	4	0	16	16388	2	6	1	196736
	5	0	16	16389	35	4	1	133312
	1	1	16	16449	14	10	1	328576
	2	1	16	16450	8	4	1	131584
	4	1	16	16452	4	2	1	65792
	5	1	16	16453	2	3	1	98432
	1	2	16	16513	11	16	1	524992
	2	2	16	16514	5	10	1	328000
	4	2	16	16516	2	25	1	819328
	5	2	16	16517	2	1	1	32896
	1	3	16	16577	17	16	1	525376
	2	3	16	16578	11	10	1	328384
	4	3	16	16580	4	20	1	655616
	5	3	16	16581	35	2	1	67776
	2	4	16	16642	14	4	1	131968
	2	5	16	16706	20	4	1	132352
	2	6	16	16770	17	10	1	328768
	2	7	16	16834	23	10	1	329152
	2	8	16	16898	2	16	1	524416
	2	9	16	16962	8	16	1	524800
	2	10	16	17026	5	22	1	721216
	2	11	16	17090	11	22	1	721600
	2	12	16	17154	14	16	1	525184
	2	13	16	17218	20	16	1	525568
	2	14	16	17282	17	22	1	721984
	2	15	16	17346	23	22	1	722368
	1	0	17	17409	7	10	1	328128
	2	0	17	17410	1	4	1	131136
	4	0	17	17412	2	7	1	229504
	5	0	17	17413	36	4	1	133376
	1	1	17	17473	13	10	1	328512
	2	1	17	17474	7	4	1	131520
	4	1	17	17476	4	1	1	33024
	5	1	17	17477	1	3	1	98368
	1	2	17	17537	12	16	1	525056
	2	2	17	17538	6	10	1	328064
	4	2	17	17540	2	26	1	852096
	5	2	17	17541	1	1	1	32832
	1	3	17	17601	18	16	1	525440
	2	3	17	17602	12	10	1	328448
	4	3	17	17604	4	19	1	622848
	5	3	17	17605	36	2	1	67840
	2	4	17	17666	13	4	1	131904
	2	5	17	17730	19	4	1	132288
	2	6	17	17794	18	10	1	328832
	2	7	17	17858	24	10	1	329216
	2	8	17	17922	1	16	1	524352
	2	9	17	17986	7	16	1	524736
	2	10	17	18050	6	22	1	721280
	2	11	17	18114	12	22	1	721664
	2	12	17	18178	13	16	1	525120
	2	13	17	18242	19	16	1	525504
	2	14	17	18306	18	22	1	722048
	2	15	17	18370	24	22	1	722432
	1	0	18	18433	12	9	1	295680
	2	0	18	18434	6	3	1	98688
	4	0	18	18436	2	8	1	262272
	5	0	18	18437	36	3	1	100608
	1	1	18	18497	18	9	1	296064
	2	1	18	18498	12	3	1	99072
	4	1	18	18500	3	18	1	590016
	5	1	18	18501	1	4	1	131136
	1	2	18	18561	7	15	1	491968
	2	2	18	18562	1	9	1	294976
	4	2	18	18564	1	29	1	950336
	5	2	18	18565	1	2	1	65600
	1	3	18	18625	13	15	1	492352
	2	3	18	18626	7	9	1	295360
	4	3	18	18628	3	36	1	1179840
	5	3	18	18629	36	1	1	35072
	2	4	18	18690	18	3	1	99456
	2	5	18	18754	24	3	1	99840
	2	6	18	18818	13	9	1	295744
	2	7	18	18882	19	9	1	296128
	2	8	18	18946	6	15	1	491904
	2	9	18	19010	12	15	1	492288
	2	10	18	19074	1	21	1	688192
	2	11	18	19138	7	21	1	688576
	2	12	18	19202	18	15	1	492672
	2	13	18	19266	24	15	1	493056
	2	14	18	19330	13	21	1	688960
	2	15	18	19394	19	21	1	689344
	1	0	19	19457	11	9	1	295616
	2	0	19	19458	5	3	1	98624
	4	0	19	19460	2	9	1	295040
	5	0	19	19461	35	3	1	100544
	1	1	19	19521	17	9	1	296000
	2	1	19	19522	11	3	1	99008
	4	1	19	19524	3	17	1	557248
	5	1	19	19525	2	4	1	131200
	1	2	19	19585	8	15	1	492032
	2	2	19	19586	2	9	1	295040
	4	2	19	19588	1	30	1	983104
	5	2	19	19589	2	2	1	65664
	1	3	19	19649	14	15	1	492416
	2	3	19	19650	8	9	1	295424
	4	3	19	19652	3	35	1	1147072
	5	3	19	19653	35	1	1	35008
	2	4	19	19714	17	3	1	99392
	2	5	19	19778	23	3	1	99776
	2	6	19	19842	14	9	1	295808
	2	7	19	19906	20	9	1	296192
	2	8	19	19970	5	15	1	491840
	2	9	19	20034	11	15	1	492224
	2	10	19	20098	2	21	1	688256
	2	11	19	20162	8	21	1	688640
	2	12	19	20226	17	15	1	492608
	2	13	19	20290	23	15	1	492992
	2	14	19	20354	14	21	1	689024
	2	15	19	20418	20	21	1	689408
	1	0	20	20481	10	9	1	295552
	2	0	20	20482	4	3	1	98560
	4	0	20	20484	2	10	1	327808
	5	0	20	20485	34	3	1	100480
	1	1	20	20545	16	9	1	295936
	2	1	20	20546	10	3	1	98944
	4	1	20	20548	3	16	1	524480
	5	1	20	20549	3	4	1	131264
	1	2	20	20609	9	15	1	492096
	2	2	20	20610	3	9	1	295104
	4	2	20	20612	1	31	1	1015872
	5	2	20	20613	3	2	1	65728
	1	3	20	20673	15	15	1	492480
	2	3	20	20674	9	9	1	295488
	4	3	20	20676	3	34	1	1114304
	5	3	20	20677	34	1	1	34944
	2	4	20	20738	16	3	1	99328
	2	5	20	20802	22	3	1	99712
	2	6	20	20866	15	9	1	295872
	2	7	20	20930	21	9	1	296256
	2	8	20	20994	4	15	1	491776
	2	9	20	21058	10	15	1	492160
	2	10	20	21122	3	21	1	688320
	2	11	20	21186	9	21	1	688704
	2	12	20	21250	16	15	1	492544
	2	13	20	21314	22	15	1	492928
	2	14	20	21378	15	21	1	689088
	2	15	20	21442	21	21	1	689472
	1	0	21	21505	9	9	1	295488
	2	0	21	21506	3	3	1	98496
	4	0	21	21508	2	11	1	360576
	5	0	21	21509	33	3	1	100416
	1	1	21	21569	15	9	1	295872
	2	1	21	21570	9	3	1	98880
	4	1	21	21572	3	15	1	491712
	5	1	21	21573	4	4	1	131328
	1	2	21	21633	10	15	1	492160
	2	2	21	21634	4	9	1	295168
	4	2	21	21636	1	32	1	1048640
	5	2	21	21637	4	2	1	65792
	1	3	21	21697	16	15	1	492544
	2	3	21	21698	10	9	1	295552
	4	3	21	21700	3	33	1	1081536
	5	3	21	21701	33	1	1	34880
	2	4	21	21762	15	3	1	99264
	2	5	21	21826	21	3	1	99648
	2	6	21	21890	16	9	1	295936
	2	7	21	21954	22	9	1	296320
	2	8	21	22018	3	15	1	491712
	2	9	21	22082	9	15	1	492096
	2	10	21	22146	4	21	1	688384
	2	11	21	22210	10	21	1	688768
	2	12	21	22274	15	15	1	492480
	2	13	21	22338	21	15	1	492864
	2	14	21	22402	16	21	1	689152
	2	15	21	22466	22	21	1	689536
	1	0	22	22529	8	9	1	295424
	2	0	22	22530	2	3	1	98432
	4	0	22	22532	2	12	1	393344
	5	0	22	22533	32	3	1	100352
	1	1	22	22593	14	9	1	295808
	2	1	22	22594	8	3	1	98816
	4	1	22	22596	3	14	1	458944
	5	1	22	22597	5	4	1	131392
	1	2	22	22657	11	15	1	492224
	2	2	22	22658	5	9	1	295232
	4	2	22	22660	1	33	1	1081408
	5	2	22	22661	5	2	1	65856
	1	3	22	22721	17	15	1	492608
	2	3	22	22722	11	9	1	295616
	4	3	22	22724	3	32	1	1048768
	5	3	22	22725	32	1	1	34816
	2	4	22	22786	14	3	1	99200
	2	5	22	22850	20	3	1	99584
	2	6	22	22914	17	9	1	296000
	2	7	22	22978	23	9	1	296384
	2	8	22	23042	2	15	1	491648
	2	9	22	23106	8	15	1	492032
	2	10	22	23170	5	21	1	688448
	2	11	22	23234	11	21	1	688832
	2	12	22	23298	14	15	1	492416
	2	13	22	23362	20	15	1	492800
	2	14	22	23426	17	21	1	689216
	2	15	22	23490	23	21	1	689600
	1	0	23	23553	7	9	1	295360
	2	0	23	23554	1	3	1	98368
	4	0	23	23556	2	13	1	426112
	5	0	23	23557	31	3	1	100288
	1	1	23	23617	13	9	1	295744
	2	1	23	23618	7	3	1	98752
	4	1	23	23620	3	13	1	426176
	5	1	23	23621	6	4	1	131456
	1	2	23	23681	12	15	1	492288
	2	2	23	23682	6	9	1	295296
	4	2	23	23684	1	34	1	1114176
	5	2	23	23685	6	2	1	65920
	1	3	23	23745	18	15	1	492672
	2	3	23	23746	12	9	1	295680
	4	3	23	23748	3	31	1	1016000
	5	3	23	23749	31	1	1	34752
	2	4	23	23810	13	3	1	99136
	2	5	23	23874	19	3	1	99520
	2	6	23	23938	18	9	1	296064
	2	7	23	24002	24	9	1	296448
	2	8	23	24066	1	15	1	491584
	2	9	23	24130	7	15	1	491968
	2	10	23	24194	6	21	1	688512
	2	11	23	24258	12	21	1	688896
	2	12	23	24322	13	15	1	492352
	2	13	23	24386	19	15	1	492736
	2	14	23	24450	18	21	1	689280
	2	15	23	24514	24	21	1	689664
	1	0	24	24577	12	8	1	262912
	2	0	24	24578	6	2	1	65920
	4	0	24	24580	2	14	1	458880
	5	0	24	24581	30	3	1	100224
	1	1	24	24641	18	8	1	263296
	2	1	24	24642	12	2	1	66304
	4	1	24	24644	3	12	1	393408
	5	1	24	24645	7	4	1	131520
	1	2	24	24705	7	14	1	459200
	2	2	24	24706	1	8	1	262208
	4	2	24	24708	2	27	1	884864
	5	2	24	24709	7	2	1	65984
	1	3	24	24769	13	14	1	459584
	2	3	24	24770	7	8	1	262592
	4	3	24	24772	3	30	1	983232
	5	3	24	24773	30	1	1	34688
	2	4	24	24834	18	2	1	66688
	2	5	24	24898	24	2	1	67072
	2	6	24	24962	13	8	1	262976
	2	7	24	25026	19	8	1	263360
	2	8	24	25090	6	14	1	459136
	2	9	24	25154	12	14	1	459520
	2	10	24	25218	1	20	1	655424
	2	11	24	25282	7	20	1	655808
	2	12	24	25346	18	14	1	459904
	2	13	24	25410	24	14	1	460288
	2	14	24	25474	13	20	1	656192
	2	15	24	25538	19	20	1	656576
	1	0	25	25601	11	8	1	262848
	2	0	25	25602	5	2	1	65856
	4	0	25	25604	2	15	1	491648
	5	0	25	25605	29	3	1	100160
	1	1	25	25665	17	8	1	263232
	2	1	25	25666	11	2	1	66240
	4	1	25	25668	3	11	1	360640
	5	1	25	25669	8	4	1	131584
	1	2	25	25729	8	14	1	459264
	2	2	25	25730	2	8	1	262272
	4	2	25	25732	1	35	1	1146944
	5	2	25	25733	8	2	1	66048
	1	3	25	25793	14	14	1	459648
	2	3	25	25794	8	8	1	262656
	4	3	25	25796	3	29	1	950464
	5	3	25	25797	29	1	1	34624
	2	4	25	25858	17	2	1	66624
	2	5	25	25922	23	2	1	67008
	2	6	25	25986	14	8	1	263040
	2	7	25	26050	20	8	1	263424
	2	8	25	26114	5	14	1	459072
	2	9	25	26178	11	14	1	459456
	2	10	25	26242	2	20	1	655488
	2	11	25	26306	8	20	1	655872
	2	12	25	26370	17	14	1	459840
	2	13	25	26434	23	14	1	460224
	2	14	25	26498	14	20	1	656256
	2	15	25	26562	20	20	1	656640
	1	0	26	26625	10	8	1	262784
	2	0	26	26626	4	2	1	65792
	4	0	26	26628	2	16	1	524416
	5	0	26	26629	28	3	1	100096
	1	1	26	26689	16	8	1	263168
	2	1	26	26690	10	2	1	66176
	4	1	26	26692	3	10	1	327872
	5	1	26	26693	9	4	1	131648
	1	2	26	26753	9	14	1	459328
	2	2	26	26754	3	8	1	262336
	4	2	26	26756	1	36	1	1179712
	5	2	26	26757	9	2	1	66112
	1	3	26	26817	15	14	1	459712
	2	3	26	26818	9	8	1	262720
	4	3	26	26820	3	28	1	917696
	5	3	26	26821	28	1	1	34560
	2	4	26	26882	16	2	1	66560
	2	5	26	26946	22	2	1	66944
	2	6	26	27010	15	8	1	263104
	2	7	26	27074	21	8	1	263488
	2	8	26	27138	4	14	1	459008
	2	9	26	27202	10	14	1	459392
	2	10	26	27266	3	20	1	655552
	2	11	26	27330	9	20	1	655936
	2	12	26	27394	16	14	1	459776
	2	13	26	27458	22	14	1	460160
	2	14	26	27522	15	20	1	656320
	2	15	26	27586	21	20	1	656704
	1	0	27	27649	9	8	1	262720
	2	0	27	27650	3	2	1	65728
	4	0	27	27652	2	17	1	557184
	5	0	27	27653	27	3	1	100032
	1	1	27	27713	15	8	1	263104
	2	1	27	27714	9	2	1	66112
	4	1	27	27716	3	9	1	295104
	5	1	27	27717	10	4	1	131712
	1	2	27	27777	10	14	1	459392
	2	2	27	27778	4	8	1	262400
	4	2	27	27780	2	28	1	917632
	5	2	27	27781	10	2	1	66176
	1	3	27	27841	16	14	1	459776
	2	3	27	27842	10	8	1	262784
	4	3	27	27844	3	27	1	884928
	5	3	27	27845	27	1	1	34496
	2	4	27	27906	15	2	1	66496
	2	5	27	27970	21	2	1	66880
	2	6	27	28034	16	8	1	263168
	2	7	27	28098	22	8	1	263552
	2	8	27	28162	3	14	1	458944
	2	9	27	28226	9	14	1	459328
	2	10	27	28290	4	20	1	655616
	2	11	27	28354	10	20	1	656000
	2	12	27	28418	15	14	1	459712
	2	13	27	28482	21	14	1	460096
	2	14	27	28546	16	20	1	656384
	2	15	27	28610	22	20	1	656768
	1	0	28	28673	8	8	1	262656
	2	0	28	28674	2	2	1	65664
	4	0	28	28676	2	18	1	589952
	5	0	28	28677	19	3	1	99520
	1	1	28	28737	14	8	1	263040
	2	1	28	28738	8	2	1	66048
	4	1	28	28740	3	8	1	262336
	5	1	28	28741	18	4	1	132224
	1	2	28	28801	11	14	1	459456
	2	2	28	28802	5	8	1	262464
	4	2	28	28804	2	29	1	950400
	5	2	28	28805	18	2	1	66688
	1	3	28	28865	17	14	1	459840
	2	3	28	28866	11	8	1	262848
	4	3	28	28868	3	26	1	852160
	5	3	28	28869	19	1	1	33984
	2	4	28	28930	14	2	1	66432
	2	5	28	28994	20	2	1	66816
	2	6	28	29058	17	8	1	263232
	2	7	28	29122	23	8	1	263616
	2	8	28	29186	2	14	1	458880
	2	9	28	29250	8	14	1	459264
	2	10	28	29314	5	20	1	655680
	2	11	28	29378	11	20	1	656064
	2	12	28	29442	14	14	1	459648
	2	13	28	29506	20	14	1	460032
	2	14	28	29570	17	20	1	656448
	2	15	28	29634	23	20	1	656832
	1	0	29	29697	7	8	1	262592
	2	0	29	29698	1	2	1	65600
	4	0	29	29700	1	12	1	393280
	5	0	29	29701	20	3	1	99584
	1	1	29	29761	13	8	1	262976
	2	1	29	29762	7	2	1	65984
	4	1	29	29764	3	7	1	229568
	5	1	29	29765	17	4	1	132160
	1	2	29	29825	12	14	1	459520
	2	2	29	29826	6	8	1	262528
	4	2	29	29828	2	30	1	983168
	5	2	29	29829	17	2	1	66624
	1	3	29	29889	18	14	1	459904
	2	3	29	29890	12	8	1	262912
	4	3	29	29892	3	25	1	819392
	5	3	29	29893	20	1	1	34048
	2	4	29	29954	13	2	1	66368
	2	5	29	30018	19	2	1	66752
	2	6	29	30082	18	8	1	263296
	2	7	29	30146	24	8	1	263680
	2	8	29	30210	1	14	1	458816
	2	9	29	30274	7	14	1	459200
	2	10	29	30338	6	20	1	655744
	2	11	29	30402	12	20	1	656128
	2	12	29	30466	13	14	1	459584
	2	13	29	30530	19	14	1	459968
	2	14	29	30594	18	20	1	656512
	2	15	29	30658	24	20	1	656896
	1	0	30	30721	12	7	1	230144
	2	0	30	30722	6	1	1	33152
	4	0	30	30724	1	13	1	426048
	5	0	30	30725	21	3	1	99648
	1	1	30	30785	18	7	1	230528
	2	1	30	30786	12	1	1	33536
	4	1	30	30788	3	6	1	196800
	5	1	30	30789	16	4	1	132096
	1	2	30	30849	7	13	1	426432
	2	2	30	30850	1	7	1	229440
	4	2	30	30852	2	31	1	1015936
	5	2	30	30853	16	2	1	66560
	1	3	30	30913	13	13	1	426816
	2	3	30	30914	7	7	1	229824
	4	3	30	30916	3	24	1	786624
	5	3	30	30917	21	1	1	34112
	2	4	30	30978	18	1	1	33920
	2	5	30	31042	24	1	1	34304
	2	6	30	31106	13	7	1	230208
	2	7	30	31170	19	7	1	230592
	2	8	30	31234	6	13	1	426368
	2	9	30	31298	12	13	1	426752
	2	10	30	31362	1	19	1	622656
	2	11	30	31426	7	19	1	623040
	2	12	30	31490	18	13	1	427136
	2	13	30	31554	24	13	1	427520
	2	14	30	31618	13	19	1	623424
	2	15	30	31682	19	19	1	623808
	1	0	31	31745	11	7	1	230080
	2	0	31	31746	5	1	1	33088
	4	0	31	31748	1	14	1	458816
	5	0	31	31749	22	3	1	99712
	1	1	31	31809	17	7	1	230464
	2	1	31	31810	11	1	1	33472
	4	1	31	31812	3	5	1	164032
	5	1	31	31813	15	4	1	132032
	1	2	31	31873	8	13	1	426496
	2	2	31	31874	2	7	1	229504
	4	2	31	31876	2	32	1	1048704
	5	2	31	31877	15	2	1	66496
	1	3	31	31937	14	13	1	426880
	2	3	31	31938	8	7	1	229888
	4	3	31	31940	3	23	1	753856
	5	3	31	31941	22	1	1	34176
	2	4	31	32002	17	1	1	33856
	2	5	31	32066	23	1	1	34240
	2	6	31	32130	14	7	1	230272
	2	7	31	32194	20	7	1	230656
	2	8	31	32258	5	13	1	426304
	2	9	31	32322	11	13	1	426688
	2	10	31	32386	2	19	1	622720
	2	11	31	32450	8	19	1	623104
	2	12	31	32514	17	13	1	427072
	2	13	31	32578	23	13	1	427456
	2	14	31	32642	14	19	1	623488
	2	15	31	32706	20	19	1	623872
	1	0	32	32769	10	7	1	230016
	2	0	32	32770	4	1	1	33024
	4	0	32	32772	1	15	1	491584
	5	0	32	32773	23	3	1	99776
	1	1	32	32833	16	7	1	230400
	2	1	32	32834	10	1	1	33408
	4	1	32	32836	3	4	1	131264
	5	1	32	32837	14	4	1	131968
	1	2	32	32897	9	13	1	426560
	2	2	32	32898	3	7	1	229568
	4	2	32	32900	2	33	1	1081472
	5	2	32	32901	14	2	1	66432
	1	3	32	32961	15	13	1	426944
	2	3	32	32962	9	7	1	229952
	4	3	32	32964	3	22	1	721088
	5	3	32	32965	23	1	1	34240
	2	4	32	33026	16	1	1	33792
	2	5	32	33090	22	1	1	34176
	2	6	32	33154	15	7	1	230336
	2	7	32	33218	21	7	1	230720
	2	8	32	33282	4	13	1	426240
	2	9	32	33346	10	13	1	426624
	2	10	32	33410	3	19	1	622784
	2	11	32	33474	9	19	1	623168
	2	12	32	33538	16	13	1	427008
	2	13	32	33602	22	13	1	427392
	2	14	32	33666	15	19	1	623552
	2	15	32	33730	21	19	1	623936
	1	0	33	33793	9	7	1	229952
	2	0	33	33794	3	1	1	32960
	4	0	33	33796	1	16	1	524352
	5	0	33	33797	24	3	1	99840
	1	1	33	33857	15	7	1	230336
	2	1	33	33858	9	1	1	33344
	4	1	33	33860	3	3	1	98496
	5	1	33	33861	13	4	1	131904
	1	2	33	33921	10	13	1	426624
	2	2	33	33922	4	7	1	229632
	4	2	33	33924	2	34	1	1114240
	5	2	33	33925	13	2	1	66368
	1	3	33	33985	16	13	1	427008
	2	3	33	33986	10	7	1	230016
	4	3	33	33988	3	21	1	688320
	5	3	33	33989	24	1	1	34304
	2	4	33	34050	15	1	1	33728
	2	5	33	34114	21	1	1	34112
	2	6	33	34178	16	7	1	230400
	2	7	33	34242	22	7	1	230784
	2	8	33	34306	3	13	1	426176
	2	9	33	34370	9	13	1	426560
	2	10	33	34434	4	19	1	622848
	2	11	33	34498	10	19	1	623232
	2	12	33	34562	15	13	1	426944
	2	13	33	34626	21	13	1	427328
	2	14	33	34690	16	19	1	623616
	2	15	33	34754	22	19	1	624000
	1	0	34	34817	8	7	1	229888
	2	0	34	34818	2	1	1	32896
	4	0	34	34820	1	17	1	557120
	5	0	34	34821	25	3	1	99904
	1	1	34	34881	14	7	1	230272
	2	1	34	34882	8	1	1	33280
	4	1	34	34884	3	2	1	65728
	5	1	34	34885	12	4	1	131840
	1	2	34	34945	11	13	1	426688
	2	2	34	34946	5	7	1	229696
	4	2	34	34948	2	35	1	1147008
	5	2	34	34949	12	2	1	66304
	1	3	34	35009	17	13	1	427072
	2	3	34	35010	11	7	1	230080
	4	3	34	35012	3	20	1	655552
	5	3	34	35013	25	1	1	34368
	2	4	34	35074	14	1	1	33664
	2	5	34	35138	20	1	1	34048
	2	6	34	35202	17	7	1	230464
	2	7	34	35266	23	7	1	230848
	2	8	34	35330	2	13	1	426112
	2	9	34	35394	8	13	1	426496
	2	10	34	35458	5	19	1	622912
	2	11	34	35522	11	19	1	623296
	2	12	34	35586	14	13	1	426880
	2	13	34	35650	20	13	1	427264
	2	14	34	35714	17	19	1	623680
	2	15	34	35778	23	19	1	624064
	1	0	35	35841	7	7	1	229824
	2	0	35	35842	1	1	1	32832
	4	0	35	35844	1	18	1	589888
	5	0	35	35845	26	3	1	99968
	1	1	35	35905	13	7	1	230208
	2	1	35	35906	7	1	1	33216
	4	1	35	35908	3	1	1	32960
	5	1	35	35909	11	4	1	131776
	1	2	35	35969	12	13	1	426752
	2	2	35	35970	6	7	1	229760
	4	2	35	35972	2	36	1	1179776
	5	2	35	35973	11	2	1	66240
	1	3	35	36033	18	13	1	427136
	2	3	35	36034	12	7	1	230144
	4	3	35	36036	3	19	1	622784
	5	3	35	36037	26	1	1	34432
	2	4	35	36098	13	1	1	33600
	2	5	35	36162	19	1	1	33984
	2	6	35	36226	18	7	1	230528
	2	7	35	36290	24	7	1	230912
	2	8	35	36354	1	13	1	426048
	2	9	35	36418	7	13	1	426432
	2	10	35	36482	6	19	1	622976
	2	11	35	36546	12	19	1	623360
	2	12	35	36610	13	13	1	426816
	2	13	35	36674	19	13	1	427200
	2	14	35	36738	18	19	1	623744
	2	15	35	36802	24	19	1	624128
