         1         0         0         1        13        13         1    426816
         2         0         0         2        19        19         1    623808
         3         0         0         3        11         1         1     33472
         4         0         0         4         4        27         1    884992
         5         0         0         5        11         1         1     33472
         1         1         0        65         7        13         1    426432
         2         1         0        66        13        19         1    623424
         3         1         0        67        26         2         1     67200
         4         1         0        68         1        19         1    622656
         5         1         0        69        26         2         1     67200
         1         2         0       129        18         7         1    230528
         2         2         0       130        24        13         1    427520
         3         2         0       131        26         4         1    132736
         4         2         0       132         4         9         1    295168
         5         2         0       133        26         4         1    132736
         1         3         0       193        12         7         1    230144
         2         3         0       194        18        13         1    427136
         3         3         0       195        11         3         1     99008
         4         3         0       196         1         1         1     32832
         5         3         0       197        11         3         1     99008
         2         4         0       258         7        19         1    623040
         2         5         0       322         1        19         1    622656
         2         6         0       386        12        13         1    426752
         2         7         0       450         6        13         1    426368
         2         8         0       514        19         7         1    230592
         2         9         0       578        13         7         1    230208
         2        10         0       642        24         1         1     34304
         2        11         0       706        18         1         1     33920
         2        12         0       770         7         7         1    229824
         2        13         0       834         1         7         1    229440
         2        14         0       898        12         1         1     33536
         2        15         0       962         6         1         1     33152
         1         0         1      1025        14        13         1    426880
         2         0         1      1026        20        19         1    623872
         3         0         1      1027        12         1         1     33536
         4         0         1      1028         4        26         1    852224
         5         0         1      1029        12         1         1     33536
         1         1         1      1089         8        13         1    426496
         2         1         1      1090        14        19         1    623488
         3         1         1      1091        25         2         1     67136
         4         1         1      1092         1        20         1    655424
         5         1         1      1093        25         2         1     67136
         1         2         1      1153        17         7         1    230464
         2         2         1      1154        23        13         1    427456
         3         2         1      1155        25         4         1    132672
         4         2         1      1156         4        10         1    327936
         5         2         1      1157        25         4         1    132672
         1         3         1      1217        11         7         1    230080
         2         3         1      1218        17        13         1    427072
         3         3         1      1219        12         3         1     99072
         4         3         1      1220         1         2         1     65600
         5         3         1      1221        12         3         1     99072
         2         4         1      1282         8        19         1    623104
         2         5         1      1346         2        19         1    622720
         2         6         1      1410        11        13         1    426688
         2         7         1      1474         5        13         1    426304
         2         8         1      1538        20         7         1    230656
         2         9         1      1602        14         7         1    230272
         2        10         1      1666        23         1         1     34240
         2        11         1      1730        17         1         1     33856
         2        12         1      1794         8         7         1    229888
         2        13         1      1858         2         7         1    229504
         2        14         1      1922        11         1         1     33472
         2        15         1      1986         5         1         1     33088
         1         0         2      2049        15        13         1    426944
         2         0         2      2050        21        19         1    623936
         3         0         2      2051        13         1         1     33600
         4         0         2      2052         4        28         1    917760
         5         0         2      2053        13         1         1     33600
         1         1         2      2113         9        13         1    426560
         2         1         2      2114        15        19         1    623552
         3         1         2      2115        24         2         1     67072
         4         1         2      2116         1        21         1    688192
         5         1         2      2117        24         2         1     67072
         1         2         2      2177        16         7         1    230400
         2         2         2      2178        22        13         1    427392
         3         2         2      2179        24         4         1    132608
         4         2         2      2180         4        11         1    360704
         5         2         2      2181        24         4         1    132608
         1         3         2      2241        10         7         1    230016
         2         3         2      2242        16        13         1    427008
         3         3         2      2243        13         3         1     99136
         4         3         2      2244         1         3         1     98368
         5         3         2      2245        13         3         1     99136
         2         4         2      2306         9        19         1    623168
         2         5         2      2370         3        19         1    622784
         2         6         2      2434        10        13         1    426624
         2         7         2      2498         4        13         1    426240
         2         8         2      2562        21         7         1    230720
         2         9         2      2626        15         7         1    230336
         2        10         2      2690        22         1         1     34176
         2        11         2      2754        16         1         1     33792
         2        12         2      2818         9         7         1    229952
         2        13         2      2882         3         7         1    229568
         2        14         2      2946        10         1         1     33408
         2        15         2      3010         4         1         1     33024
         1         0         3      3073        16        13         1    427008
         2         0         3      3074        22        19         1    624000
         3         0         3      3075        14         1         1     33664
         4         0         3      3076         4        29         1    950528
         5         0         3      3077        14         1         1     33664
         1         1         3      3137        10        13         1    426624
         2         1         3      3138        16        19         1    623616
         3         1         3      3139        23         2         1     67008
         4         1         3      3140         1        22         1    720960
         5         1         3      3141        23         2         1     67008
         1         2         3      3201        15         7         1    230336
         2         2         3      3202        21        13         1    427328
         3         2         3      3203        23         4         1    132544
         4         2         3      3204         4        12         1    393472
         5         2         3      3205        23         4         1    132544
         1         3         3      3265         9         7         1    229952
         2         3         3      3266        15        13         1    426944
         3         3         3      3267        14         3         1     99200
         4         3         3      3268         1         4         1    131136
         5         3         3      3269        14         3         1     99200
         2         4         3      3330        10        19         1    623232
         2         5         3      3394         4        19         1    622848
         2         6         3      3458         9        13         1    426560
         2         7         3      3522         3        13         1    426176
         2         8         3      3586        22         7         1    230784
         2         9         3      3650        16         7         1    230400
         2        10         3      3714        21         1         1     34112
         2        11         3      3778        15         1         1     33728
         2        12         3      3842        10         7         1    230016
         2        13         3      3906         4         7         1    229632
         2        14         3      3970         9         1         1     33344
         2        15         3      4034         3         1         1     32960
         1         0         4      4097        17        13         1    427072
         2         0         4      4098        23        19         1    624064
         3         0         4      4099        15         1         1     33728
         4         0         4      4100         4        30         1    983296
         5         0         4      4101        15         1         1     33728
         1         1         4      4161        11        13         1    426688
         2         1         4      4162        17        19         1    623680
         3         1         4      4163        22         2         1     66944
         4         1         4      4164         1        23         1    753728
         5         1         4      4165        22         2         1     66944
         1         2         4      4225        14         7         1    230272
         2         2         4      4226        20        13         1    427264
         3         2         4      4227        22         4         1    132480
         4         2         4      4228         4        13         1    426240
         5         2         4      4229        22         4         1    132480
         1         3         4      4289         8         7         1    229888
         2         3         4      4290        14        13         1    426880
         3         3         4      4291        15         3         1     99264
         4         3         4      4292         1         5         1    163904
         5         3         4      4293        15         3         1     99264
         2         4         4      4354        11        19         1    623296
         2         5         4      4418         5        19         1    622912
         2         6         4      4482         8        13         1    426496
         2         7         4      4546         2        13         1    426112
         2         8         4      4610        23         7         1    230848
         2         9         4      4674        17         7         1    230464
         2        10         4      4738        20         1         1     34048
         2        11         4      4802        14         1         1     33664
         2        12         4      4866        11         7         1    230080
         2        13         4      4930         5         7         1    229696
         2        14         4      4994         8         1         1     33280
         2        15         4      5058         2         1         1     32896
         1         0         5      5121        18        13         1    427136
         2         0         5      5122        24        19         1    624128
         3         0         5      5123        16         1         1     33792
         4         0         5      5124         4        31         1   1016064
         5         0         5      5125        16         1         1     33792
         1         1         5      5185        12        13         1    426752
         2         1         5      5186        18        19         1    623744
         3         1         5      5187        21         2         1     66880
         4         1         5      5188         1        24         1    786496
         5         1         5      5189        21         2         1     66880
         1         2         5      5249        13         7         1    230208
         2         2         5      5250        19        13         1    427200
         3         2         5      5251        21         4         1    132416
         4         2         5      5252         4        14         1    459008
         5         2         5      5253        21         4         1    132416
         1         3         5      5313         7         7         1    229824
         2         3         5      5314        13        13         1    426816
         3         3         5      5315        16         3         1     99328
         4         3         5      5316         1         6         1    196672
         5         3         5      5317        16         3         1     99328
         2         4         5      5378        12        19         1    623360
         2         5         5      5442         6        19         1    622976
         2         6         5      5506         7        13         1    426432
         2         7         5      5570         1        13         1    426048
         2         8         5      5634        24         7         1    230912
         2         9         5      5698        18         7         1    230528
         2        10         5      5762        19         1         1     33984
         2        11         5      5826        13         1         1     33600
         2        12         5      5890        12         7         1    230144
         2        13         5      5954         6         7         1    229760
         2        14         5      6018         7         1         1     33216
         2        15         5      6082         1         1         1     32832
         1         0         6      6145        13        14         1    459584
         2         0         6      6146        19        20         1    656576
         3         0         6      6147        17         1         1     33856
         4         0         6      6148         4        32         1   1048832
         5         0         6      6149        17         1         1     33856
         1         1         6      6209         7        14         1    459200
         2         1         6      6210        13        20         1    656192
         3         1         6      6211        20         2         1     66816
         4         1         6      6212         1        25         1    819264
         5         1         6      6213        20         2         1     66816
         1         2         6      6273        18         8         1    263296
         2         2         6      6274        24        14         1    460288
         3         2         6      6275        20         4         1    132352
         4         2         6      6276         4        15         1    491776
         5         2         6      6277        20         4         1    132352
         1         3         6      6337        12         8         1    262912
         2         3         6      6338        18        14         1    459904
         3         3         6      6339        17         3         1     99392
         4         3         6      6340         1         7         1    229440
         5         3         6      6341        17         3         1     99392
         2         4         6      6402         7        20         1    655808
         2         5         6      6466         1        20         1    655424
         2         6         6      6530        12        14         1    459520
         2         7         6      6594         6        14         1    459136
         2         8         6      6658        19         8         1    263360
         2         9         6      6722        13         8         1    262976
         2        10         6      6786        24         2         1     67072
         2        11         6      6850        18         2         1     66688
         2        12         6      6914         7         8         1    262592
         2        13         6      6978         1         8         1    262208
         2        14         6      7042        12         2         1     66304
         2        15         6      7106         6         2         1     65920
         1         0         7      7169        14        14         1    459648
         2         0         7      7170        20        20         1    656640
         3         0         7      7171        18         1         1     33920
         4         0         7      7172         4        33         1   1081600
         5         0         7      7173        18         1         1     33920
         1         1         7      7233         8        14         1    459264
         2         1         7      7234        14        20         1    656256
         3         1         7      7235        19         2         1     66752
         4         1         7      7236         1        26         1    852032
         5         1         7      7237        19         2         1     66752
         1         2         7      7297        17         8         1    263232
         2         2         7      7298        23        14         1    460224
         3         2         7      7299        19         4         1    132288
         4         2         7      7300         4        16         1    524544
         5         2         7      7301        19         4         1    132288
         1         3         7      7361        11         8         1    262848
         2         3         7      7362        17        14         1    459840
         3         3         7      7363        18         3         1     99456
         4         3         7      7364         1         8         1    262208
         5         3         7      7365        18         3         1     99456
         2         4         7      7426         8        20         1    655872
         2         5         7      7490         2        20         1    655488
         2         6         7      7554        11        14         1    459456
         2         7         7      7618         5        14         1    459072
         2         8         7      7682        20         8         1    263424
         2         9         7      7746        14         8         1    263040
         2        10         7      7810        23         2         1     67008
         2        11         7      7874        17         2         1     66624
         2        12         7      7938         8         8         1    262656
         2        13         7      8002         2         8         1    262272
         2        14         7      8066        11         2         1     66240
         2        15         7      8130         5         2         1     65856
         1         0         8      8193        15        14         1    459712
         2         0         8      8194        21        20         1    656704
         3         0         8      8195        10         1         1     33408
         4         0         8      8196         4        34         1   1114368
         5         0         8      8197        10         1         1     33408
         1         1         8      8257         9        14         1    459328
         2         1         8      8258        15        20         1    656320
         3         1         8      8259        27         2         1     67264
         4         1         8      8260         1        27         1    884800
         5         1         8      8261        27         2         1     67264
         1         2         8      8321        16         8         1    263168
         2         2         8      8322        22        14         1    460160
         3         2         8      8323        27         4         1    132800
         4         2         8      8324         4        17         1    557312
         5         2         8      8325        27         4         1    132800
         1         3         8      8385        10         8         1    262784
         2         3         8      8386        16        14         1    459776
         3         3         8      8387        10         3         1     98944
         4         3         8      8388         1         9         1    294976
         5         3         8      8389        10         3         1     98944
         2         4         8      8450         9        20         1    655936
         2         5         8      8514         3        20         1    655552
         2         6         8      8578        10        14         1    459392
         2         7         8      8642         4        14         1    459008
         2         8         8      8706        21         8         1    263488
         2         9         8      8770        15         8         1    263104
         2        10         8      8834        22         2         1     66944
         2        11         8      8898        16         2         1     66560
         2        12         8      8962         9         8         1    262720
         2        13         8      9026         3         8         1    262336
         2        14         8      9090        10         2         1     66176
         2        15         8      9154         4         2         1     65792
         1         0         9      9217        16        14         1    459776
         2         0         9      9218        22        20         1    656768
         3         0         9      9219         9         1         1     33344
         4         0         9      9220         4        35         1   1147136
         5         0         9      9221         9         1         1     33344
         1         1         9      9281        10        14         1    459392
         2         1         9      9282        16        20         1    656384
         3         1         9      9283        28         2         1     67328
         4         1         9      9284         1        28         1    917568
         5         1         9      9285        28         2         1     67328
         1         2         9      9345        15         8         1    263104
         2         2         9      9346        21        14         1    460096
         3         2         9      9347        28         4         1    132864
         4         2         9      9348         4        18         1    590080
         5         2         9      9349        28         4         1    132864
         1         3         9      9409         9         8         1    262720
         2         3         9      9410        15        14         1    459712
         3         3         9      9411         9         3         1     98880
         4         3         9      9412         1        10         1    327744
         5         3         9      9413         9         3         1     98880
         2         4         9      9474        10        20         1    656000
         2         5         9      9538         4        20         1    655616
         2         6         9      9602         9        14         1    459328
         2         7         9      9666         3        14         1    458944
         2         8         9      9730        22         8         1    263552
         2         9         9      9794        16         8         1    263168
         2        10         9      9858        21         2         1     66880
         2        11         9      9922        15         2         1     66496
         2        12         9      9986        10         8         1    262784
         2        13         9     10050         4         8         1    262400
         2        14         9     10114         9         2         1     66112
         2        15         9     10178         3         2         1     65728
         1         0        10     10241        17        14         1    459840
         2         0        10     10242        23        20         1    656832
         3         0        10     10243         8         1         1     33280
         4         0        10     10244         4        36         1   1179904
         5         0        10     10245         8         1         1     33280
         1         1        10     10305        11        14         1    459456
         2         1        10     10306        17        20         1    656448
         3         1        10     10307        29         2         1     67392
         4         1        10     10308         1        29         1    950336
         5         1        10     10309        29         2         1     67392
         1         2        10     10369        14         8         1    263040
         2         2        10     10370        20        14         1    460032
         3         2        10     10371        29         4         1    132928
         4         2        10     10372         3        18         1    590016
         5         2        10     10373        29         4         1    132928
         1         3        10     10433         8         8         1    262656
         2         3        10     10434        14        14         1    459648
         3         3        10     10435         8         3         1     98816
         4         3        10     10436         1        11         1    360512
         5         3        10     10437         8         3         1     98816
         2         4        10     10498        11        20         1    656064
         2         5        10     10562         5        20         1    655680
         2         6        10     10626         8        14         1    459264
         2         7        10     10690         2        14         1    458880
         2         8        10     10754        23         8         1    263616
         2         9        10     10818        17         8         1    263232
         2        10        10     10882        20         2         1     66816
         2        11        10     10946        14         2         1     66432
         2        12        10     11010        11         8         1    262848
         2        13        10     11074         5         8         1    262464
         2        14        10     11138         8         2         1     66048
         2        15        10     11202         2         2         1     65664
         1         0        11     11265        18        14         1    459904
         2         0        11     11266        24        20         1    656896
         3         0        11     11267         7         1         1     33216
         4         0        11     11268         3        36         1   1179840
         5         0        11     11269         7         1         1     33216
         1         1        11     11329        12        14         1    459520
         2         1        11     11330        18        20         1    656512
         3         1        11     11331        30         2         1     67456
         4         1        11     11332         1        30         1    983104
         5         1        11     11333        30         2         1     67456
         1         2        11     11393        13         8         1    262976
         2         2        11     11394        19        14         1    459968
         3         2        11     11395        30         4         1    132992
         4         2        11     11396         3        17         1    557248
         5         2        11     11397        30         4         1    132992
         1         3        11     11457         7         8         1    262592
         2         3        11     11458        13        14         1    459584
         3         3        11     11459         7         3         1     98752
         4         3        11     11460         1        12         1    393280
         5         3        11     11461         7         3         1     98752
         2         4        11     11522        12        20         1    656128
         2         5        11     11586         6        20         1    655744
         2         6        11     11650         7        14         1    459200
         2         7        11     11714         1        14         1    458816
         2         8        11     11778        24         8         1    263680
         2         9        11     11842        18         8         1    263296
         2        10        11     11906        19         2         1     66752
         2        11        11     11970        13         2         1     66368
         2        12        11     12034        12         8         1    262912
         2        13        11     12098         6         8         1    262528
         2        14        11     12162         7         2         1     65984
         2        15        11     12226         1         2         1     65600
         1         0        12     12289        13        15         1    492352
         2         0        12     12290        19        21         1    689344
         3         0        12     12291         6         1         1     33152
         4         0        12     12292         3        35         1   1147072
         5         0        12     12293         6         1         1     33152
         1         1        12     12353         7        15         1    491968
         2         1        12     12354        13        21         1    688960
         3         1        12     12355        31         2         1     67520
         4         1        12     12356         1        31         1   1015872
         5         1        12     12357        31         2         1     67520
         1         2        12     12417        18         9         1    296064
         2         2        12     12418        24        15         1    493056
         3         2        12     12419        31         4         1    133056
         4         2        12     12420         3        16         1    524480
         5         2        12     12421        31         4         1    133056
         1         3        12     12481        12         9         1    295680
         2         3        12     12482        18        15         1    492672
         3         3        12     12483         6         3         1     98688
         4         3        12     12484         1        13         1    426048
         5         3        12     12485         6         3         1     98688
         2         4        12     12546         7        21         1    688576
         2         5        12     12610         1        21         1    688192
         2         6        12     12674        12        15         1    492288
         2         7        12     12738         6        15         1    491904
         2         8        12     12802        19         9         1    296128
         2         9        12     12866        13         9         1    295744
         2        10        12     12930        24         3         1     99840
         2        11        12     12994        18         3         1     99456
         2        12        12     13058         7         9         1    295360
         2        13        12     13122         1         9         1    294976
         2        14        12     13186        12         3         1     99072
         2        15        12     13250         6         3         1     98688
         1         0        13     13313        14        15         1    492416
         2         0        13     13314        20        21         1    689408
         3         0        13     13315         5         1         1     33088
         4         0        13     13316         3        34         1   1114304
         5         0        13     13317         5         1         1     33088
         1         1        13     13377         8        15         1    492032
         2         1        13     13378        14        21         1    689024
         3         1        13     13379        32         2         1     67584
         4         1        13     13380         1        32         1   1048640
         5         1        13     13381        32         2         1     67584
         1         2        13     13441        17         9         1    296000
         2         2        13     13442        23        15         1    492992
         3         2        13     13443        32         4         1    133120
         4         2        13     13444         3        15         1    491712
         5         2        13     13445        32         4         1    133120
         1         3        13     13505        11         9         1    295616
         2         3        13     13506        17        15         1    492608
         3         3        13     13507         5         3         1     98624
         4         3        13     13508         1        14         1    458816
         5         3        13     13509         5         3         1     98624
         2         4        13     13570         8        21         1    688640
         2         5        13     13634         2        21         1    688256
         2         6        13     13698        11        15         1    492224
         2         7        13     13762         5        15         1    491840
         2         8        13     13826        20         9         1    296192
         2         9        13     13890        14         9         1    295808
         2        10        13     13954        23         3         1     99776
         2        11        13     14018        17         3         1     99392
         2        12        13     14082         8         9         1    295424
         2        13        13     14146         2         9         1    295040
         2        14        13     14210        11         3         1     99008
         2        15        13     14274         5         3         1     98624
         1         0        14     14337        15        15         1    492480
         2         0        14     14338        21        21         1    689472
         3         0        14     14339         4         1         1     33024
         4         0        14     14340         3        33         1   1081536
         5         0        14     14341         4         1         1     33024
         1         1        14     14401         9        15         1    492096
         2         1        14     14402        15        21         1    689088
         3         1        14     14403        33         2         1     67648
         4         1        14     14404         1        33         1   1081408
         5         1        14     14405        33         2         1     67648
         1         2        14     14465        16         9         1    295936
         2         2        14     14466        22        15         1    492928
         3         2        14     14467        33         4         1    133184
         4         2        14     14468         3        14         1    458944
         5         2        14     14469        33         4         1    133184
         1         3        14     14529        10         9         1    295552
         2         3        14     14530        16        15         1    492544
         3         3        14     14531         4         3         1     98560
         4         3        14     14532         1        15         1    491584
         5         3        14     14533         4         3         1     98560
         2         4        14     14594         9        21         1    688704
         2         5        14     14658         3        21         1    688320
         2         6        14     14722        10        15         1    492160
         2         7        14     14786         4        15         1    491776
         2         8        14     14850        21         9         1    296256
         2         9        14     14914        15         9         1    295872
         2        10        14     14978        22         3         1     99712
         2        11        14     15042        16         3         1     99328
         2        12        14     15106         9         9         1    295488
         2        13        14     15170         3         9         1    295104
         2        14        14     15234        10         3         1     98944
         2        15        14     15298         4         3         1     98560
         1         0        15     15361        16        15         1    492544
         2         0        15     15362        22        21         1    689536
         3         0        15     15363         3         1         1     32960
         4         0        15     15364         3        32         1   1048768
         5         0        15     15365         3         1         1     32960
         1         1        15     15425        10        15         1    492160
         2         1        15     15426        16        21         1    689152
         3         1        15     15427        34         2         1     67712
         4         1        15     15428         1        34         1   1114176
         5         1        15     15429        34         2         1     67712
         1         2        15     15489        15         9         1    295872
         2         2        15     15490        21        15         1    492864
         3         2        15     15491        34         4         1    133248
         4         2        15     15492         3        13         1    426176
         5         2        15     15493        34         4         1    133248
         1         3        15     15553         9         9         1    295488
         2         3        15     15554        15        15         1    492480
         3         3        15     15555         3         3         1     98496
         4         3        15     15556         1        16         1    524352
         5         3        15     15557         3         3         1     98496
         2         4        15     15618        10        21         1    688768
         2         5        15     15682         4        21         1    688384
         2         6        15     15746         9        15         1    492096
         2         7        15     15810         3        15         1    491712
         2         8        15     15874        22         9         1    296320
         2         9        15     15938        16         9         1    295936
         2        10        15     16002        21         3         1     99648
         2        11        15     16066        15         3         1     99264
         2        12        15     16130        10         9         1    295552
         2        13        15     16194         4         9         1    295168
         2        14        15     16258         9         3         1     98880
         2        15        15     16322         3         3         1     98496
         1         0        16     16385        17        15         1    492608
         2         0        16     16386        23        21         1    689600
         3         0        16     16387         2         1         1     32896
         4         0        16     16388         3        31         1   1016000
         5         0        16     16389         2         1         1     32896
         1         1        16     16449        11        15         1    492224
         2         1        16     16450        17        21         1    689216
         3         1        16     16451        35         2         1     67776
         4         1        16     16452         1        35         1   1146944
         5         1        16     16453        35         2         1     67776
         1         2        16     16513        14         9         1    295808
         2         2        16     16514        20        15         1    492800
         3         2        16     16515        35         4         1    133312
         4         2        16     16516         3        12         1    393408
         5         2        16     16517        35         4         1    133312
         1         3        16     16577         8         9         1    295424
         2         3        16     16578        14        15         1    492416
         3         3        16     16579         2         3         1     98432
         4         3        16     16580         1        17         1    557120
         5         3        16     16581         2         3         1     98432
         2         4        16     16642        11        21         1    688832
         2         5        16     16706         5        21         1    688448
         2         6        16     16770         8        15         1    492032
         2         7        16     16834         2        15         1    491648
         2         8        16     16898        23         9         1    296384
         2         9        16     16962        17         9         1    296000
         2        10        16     17026        20         3         1     99584
         2        11        16     17090        14         3         1     99200
         2        12        16     17154        11         9         1    295616
         2        13        16     17218         5         9         1    295232
         2        14        16     17282         8         3         1     98816
         2        15        16     17346         2         3         1     98432
         1         0        17     17409        18        15         1    492672
         2         0        17     17410        24        21         1    689664
         3         0        17     17411         1         1         1     32832
         4         0        17     17412         3        30         1    983232
         5         0        17     17413         1         1         1     32832
         1         1        17     17473        12        15         1    492288
         2         1        17     17474        18        21         1    689280
         3         1        17     17475        36         2         1     67840
         4         1        17     17476         1        36         1   1179712
         5         1        17     17477        36         2         1     67840
         1         2        17     17537        13         9         1    295744
         2         2        17     17538        19        15         1    492736
         3         2        17     17539        36         4         1    133376
         4         2        17     17540         3        11         1    360640
         5         2        17     17541        36         4         1    133376
         1         3        17     17601         7         9         1    295360
         2         3        17     17602        13        15         1    492352
         3         3        17     17603         1         3         1     98368
         4         3        17     17604         1        18         1    589888
         5         3        17     17605         1         3         1     98368
         2         4        17     17666        12        21         1    688896
         2         5        17     17730         6        21         1    688512
         2         6        17     17794         7        15         1    491968
         2         7        17     17858         1        15         1    491584
         2         8        17     17922        24         9         1    296448
         2         9        17     17986        18         9         1    296064
         2        10        17     18050        19         3         1     99520
         2        11        17     18114        13         3         1     99136
         2        12        17     18178        12         9         1    295680
         2        13        17     18242         6         9         1    295296
         2        14        17     18306         7         3         1     98752
         2        15        17     18370         1         3         1     98368
         1         0        18     18433        13        16         1    525120
         2         0        18     18434        19        22         1    722112
         3         0        18     18435         1         2         1     65600
         4         0        18     18436         3        29         1    950464
         5         0        18     18437         1         2         1     65600
         1         1        18     18497         7        16         1    524736
         2         1        18     18498        13        22         1    721728
         3         1        18     18499        36         1         1     35072
         4         1        18     18500         2        19         1    622720
         5         1        18     18501        36         1         1     35072
         1         2        18     18561        18        10         1    328832
         2         2        18     18562        24        16         1    525824
         3         2        18     18563        36         3         1    100608
         4         2        18     18564         4         8         1    262400
         5         2        18     18565        36         3         1    100608
         1         3        18     18625        12        10         1    328448
         2         3        18     18626        18        16         1    525440
         3         3        18     18627         1         4         1    131136
         4         3        18     18628         2         1         1     32896
         5         3        18     18629         1         4         1    131136
         2         4        18     18690         7        22         1    721344
         2         5        18     18754         1        22         1    720960
         2         6        18     18818        12        16         1    525056
         2         7        18     18882         6        16         1    524672
         2         8        18     18946        19        10         1    328896
         2         9        18     19010        13        10         1    328512
         2        10        18     19074        24         4         1    132608
         2        11        18     19138        18         4         1    132224
         2        12        18     19202         7        10         1    328128
         2        13        18     19266         1        10         1    327744
         2        14        18     19330        12         4         1    131840
         2        15        18     19394         6         4         1    131456
         1         0        19     19457        14        16         1    525184
         2         0        19     19458        20        22         1    722176
         3         0        19     19459         2         2         1     65664
         4         0        19     19460         3        28         1    917696
         5         0        19     19461         2         2         1     65664
         1         1        19     19521         8        16         1    524800
         2         1        19     19522        14        22         1    721792
         3         1        19     19523        35         1         1     35008
         4         1        19     19524         2        20         1    655488
         5         1        19     19525        35         1         1     35008
         1         2        19     19585        17        10         1    328768
         2         2        19     19586        23        16         1    525760
         3         2        19     19587        35         3         1    100544
         4         2        19     19588         4         7         1    229632
         5         2        19     19589        35         3         1    100544
         1         3        19     19649        11        10         1    328384
         2         3        19     19650        17        16         1    525376
         3         3        19     19651         2         4         1    131200
         4         3        19     19652         2         2         1     65664
         5         3        19     19653         2         4         1    131200
         2         4        19     19714         8        22         1    721408
         2         5        19     19778         2        22         1    721024
         2         6        19     19842        11        16         1    524992
         2         7        19     19906         5        16         1    524608
         2         8        19     19970        20        10         1    328960
         2         9        19     20034        14        10         1    328576
         2        10        19     20098        23         4         1    132544
         2        11        19     20162        17         4         1    132160
         2        12        19     20226         8        10         1    328192
         2        13        19     20290         2        10         1    327808
         2        14        19     20354        11         4         1    131776
         2        15        19     20418         5         4         1    131392
         1         0        20     20481        15        16         1    525248
         2         0        20     20482        21        22         1    722240
         3         0        20     20483         3         2         1     65728
         4         0        20     20484         3        27         1    884928
         5         0        20     20485         3         2         1     65728
         1         1        20     20545         9        16         1    524864
         2         1        20     20546        15        22         1    721856
         3         1        20     20547        34         1         1     34944
         4         1        20     20548         2        21         1    688256
         5         1        20     20549        34         1         1     34944
         1         2        20     20609        16        10         1    328704
         2         2        20     20610        22        16         1    525696
         3         2        20     20611        34         3         1    100480
         4         2        20     20612         4         6         1    196864
         5         2        20     20613        34         3         1    100480
         1         3        20     20673        10        10         1    328320
         2         3        20     20674        16        16         1    525312
         3         3        20     20675         3         4         1    131264
         4         3        20     20676         2         3         1     98432
         5         3        20     20677         3         4         1    131264
         2         4        20     20738         9        22         1    721472
         2         5        20     20802         3        22         1    721088
         2         6        20     20866        10        16         1    524928
         2         7        20     20930         4        16         1    524544
         2         8        20     20994        21        10         1    329024
         2         9        20     21058        15        10         1    328640
         2        10        20     21122        22         4         1    132480
         2        11        20     21186        16         4         1    132096
         2        12        20     21250         9        10         1    328256
         2        13        20     21314         3        10         1    327872
         2        14        20     21378        10         4         1    131712
         2        15        20     21442         4         4         1    131328
         1         0        21     21505        16        16         1    525312
         2         0        21     21506        22        22         1    722304
         3         0        21     21507         4         2         1     65792
         4         0        21     21508         3        26         1    852160
         5         0        21     21509         4         2         1     65792
         1         1        21     21569        10        16         1    524928
         2         1        21     21570        16        22         1    721920
         3         1        21     21571        33         1         1     34880
         4         1        21     21572         2        22         1    721024
         5         1        21     21573        33         1         1     34880
         1         2        21     21633        15        10         1    328640
         2         2        21     21634        21        16         1    525632
         3         2        21     21635        33         3         1    100416
         4         2        21     21636         4         5         1    164096
         5         2        21     21637        33         3         1    100416
         1         3        21     21697         9        10         1    328256
         2         3        21     21698        15        16         1    525248
         3         3        21     21699         4         4         1    131328
         4         3        21     21700         2         4         1    131200
         5         3        21     21701         4         4         1    131328
         2         4        21     21762        10        22         1    721536
         2         5        21     21826         4        22         1    721152
         2         6        21     21890         9        16         1    524864
         2         7        21     21954         3        16         1    524480
         2         8        21     22018        22        10         1    329088
         2         9        21     22082        16        10         1    328704
         2        10        21     22146        21         4         1    132416
         2        11        21     22210        15         4         1    132032
         2        12        21     22274        10        10         1    328320
         2        13        21     22338         4        10         1    327936
         2        14        21     22402         9         4         1    131648
         2        15        21     22466         3         4         1    131264
         1         0        22     22529        17        16         1    525376
         2         0        22     22530        23        22         1    722368
         3         0        22     22531         5         2         1     65856
         4         0        22     22532         3        25         1    819392
         5         0        22     22533         5         2         1     65856
         1         1        22     22593        11        16         1    524992
         2         1        22     22594        17        22         1    721984
         3         1        22     22595        32         1         1     34816
         4         1        22     22596         2        23         1    753792
         5         1        22     22597        32         1         1     34816
         1         2        22     22657        14        10         1    328576
         2         2        22     22658        20        16         1    525568
         3         2        22     22659        32         3         1    100352
         4         2        22     22660         4         4         1    131328
         5         2        22     22661        32         3         1    100352
         1         3        22     22721         8        10         1    328192
         2         3        22     22722        14        16         1    525184
         3         3        22     22723         5         4         1    131392
         4         3        22     22724         2         5         1    163968
         5         3        22     22725         5         4         1    131392
         2         4        22     22786        11        22         1    721600
         2         5        22     22850         5        22         1    721216
         2         6        22     22914         8        16         1    524800
         2         7        22     22978         2        16         1    524416
         2         8        22     23042        23        10         1    329152
         2         9        22     23106        17        10         1    328768
         2        10        22     23170        20         4         1    132352
         2        11        22     23234        14         4         1    131968
         2        12        22     23298        11        10         1    328384
         2        13        22     23362         5        10         1    328000
         2        14        22     23426         8         4         1    131584
         2        15        22     23490         2         4         1    131200
         1         0        23     23553        18        16         1    525440
         2         0        23     23554        24        22         1    722432
         3         0        23     23555         6         2         1     65920
         4         0        23     23556         3        24         1    786624
         5         0        23     23557         6         2         1     65920
         1         1        23     23617        12        16         1    525056
         2         1        23     23618        18        22         1    722048
         3         1        23     23619        31         1         1     34752
         4         1        23     23620         2        24         1    786560
         5         1        23     23621        31         1         1     34752
         1         2        23     23681        13        10         1    328512
         2         2        23     23682        19        16         1    525504
         3         2        23     23683        31         3         1    100288
         4         2        23     23684         4         3         1     98560
         5         2        23     23685        31         3         1    100288
         1         3        23     23745         7        10         1    328128
         2         3        23     23746        13        16         1    525120
         3         3        23     23747         6         4         1    131456
         4         3        23     23748         2         6         1    196736
         5         3        23     23749         6         4         1    131456
         2         4        23     23810        12        22         1    721664
         2         5        23     23874         6        22         1    721280
         2         6        23     23938         7        16         1    524736
         2         7        23     24002         1        16         1    524352
         2         8        23     24066        24        10         1    329216
         2         9        23     24130        18        10         1    328832
         2        10        23     24194        19         4         1    132288
         2        11        23     24258        13         4         1    131904
         2        12        23     24322        12        10         1    328448
         2        13        23     24386         6        10         1    328064
         2        14        23     24450         7         4         1    131520
         2        15        23     24514         1         4         1    131136
         1         0        24     24577        13        17         1    557888
         2         0        24     24578        19        23         1    754880
         3         0        24     24579         7         2         1     65984
         4         0        24     24580         3        23         1    753856
         5         0        24     24581         7         2         1     65984
         1         1        24     24641         7        17         1    557504
         2         1        24     24642        13        23         1    754496
         3         1        24     24643        30         1         1     34688
         4         1        24     24644         2        25         1    819328
         5         1        24     24645        30         1         1     34688
         1         2        24     24705        18        11         1    361600
         2         2        24     24706        24        17         1    558592
         3         2        24     24707        30         3         1    100224
         4         2        24     24708         3        10         1    327872
         5         2        24     24709        30         3         1    100224
         1         3        24     24769        12        11         1    361216
         2         3        24     24770        18        17         1    558208
         3         3        24     24771         7         4         1    131520
         4         3        24     24772         2         7         1    229504
         5         3        24     24773         7         4         1    131520
         2         4        24     24834         7        23         1    754112
         2         5        24     24898         1        23         1    753728
         2         6        24     24962        12        17         1    557824
         2         7        24     25026         6        17         1    557440
         2         8        24     25090        19        11         1    361664
         2         9        24     25154        13        11         1    361280
         2        10        24     25218        24         5         1    165376
         2        11        24     25282        18         5         1    164992
         2        12        24     25346         7        11         1    360896
         2        13        24     25410         1        11         1    360512
         2        14        24     25474        12         5         1    164608
         2        15        24     25538         6         5         1    164224
         1         0        25     25601        14        17         1    557952
         2         0        25     25602        20        23         1    754944
         3         0        25     25603         8         2         1     66048
         4         0        25     25604         3        22         1    721088
         5         0        25     25605         8         2         1     66048
         1         1        25     25665         8        17         1    557568
         2         1        25     25666        14        23         1    754560
         3         1        25     25667        29         1         1     34624
         4         1        25     25668         2        26         1    852096
         5         1        25     25669        29         1         1     34624
         1         2        25     25729        17        11         1    361536
         2         2        25     25730        23        17         1    558528
         3         2        25     25731        29         3         1    100160
         4         2        25     25732         4         2         1     65792
         5         2        25     25733        29         3         1    100160
         1         3        25     25793        11        11         1    361152
         2         3        25     25794        17        17         1    558144
         3         3        25     25795         8         4         1    131584
         4         3        25     25796         2         8         1    262272
         5         3        25     25797         8         4         1    131584
         2         4        25     25858         8        23         1    754176
         2         5        25     25922         2        23         1    753792
         2         6        25     25986        11        17         1    557760
         2         7        25     26050         5        17         1    557376
         2         8        25     26114        20        11         1    361728
         2         9        25     26178        14        11         1    361344
         2        10        25     26242        23         5         1    165312
         2        11        25     26306        17         5         1    164928
         2        12        25     26370         8        11         1    360960
         2        13        25     26434         2        11         1    360576
         2        14        25     26498        11         5         1    164544
         2        15        25     26562         5         5         1    164160
         1         0        26     26625        15        17         1    558016
         2         0        26     26626        21        23         1    755008
         3         0        26     26627         9         2         1     66112
         4         0        26     26628         3        21         1    688320
         5         0        26     26629         9         2         1     66112
         1         1        26     26689         9        17         1    557632
         2         1        26     26690        15        23         1    754624
         3         1        26     26691        28         1         1     34560
         4         1        26     26692         2        27         1    884864
         5         1        26     26693        28         1         1     34560
         1         2        26     26753        16        11         1    361472
         2         2        26     26754        22        17         1    558464
         3         2        26     26755        28         3         1    100096
         4         2        26     26756         4         1         1     33024
         5         2        26     26757        28         3         1    100096
         1         3        26     26817        10        11         1    361088
         2         3        26     26818        16        17         1    558080
         3         3        26     26819         9         4         1    131648
         4         3        26     26820         2         9         1    295040
         5         3        26     26821         9         4         1    131648
         2         4        26     26882         9        23         1    754240
         2         5        26     26946         3        23         1    753856
         2         6        26     27010        10        17         1    557696
         2         7        26     27074         4        17         1    557312
         2         8        26     27138        21        11         1    361792
         2         9        26     27202        15        11         1    361408
         2        10        26     27266        22         5         1    165248
         2        11        26     27330        16         5         1    164864
         2        12        26     27394         9        11         1    361024
         2        13        26     27458         3        11         1    360640
         2        14        26     27522        10         5         1    164480
         2        15        26     27586         4         5         1    164096
         1         0        27     27649        16        17         1    558080
         2         0        27     27650        22        23         1    755072
         3         0        27     27651        10         2         1     66176
         4         0        27     27652         3        20         1    655552
         5         0        27     27653        10         2         1     66176
         1         1        27     27713        10        17         1    557696
         2         1        27     27714        16        23         1    754688
         3         1        27     27715        27         1         1     34496
         4         1        27     27716         2        28         1    917632
         5         1        27     27717        27         1         1     34496
         1         2        27     27777        15        11         1    361408
         2         2        27     27778        21        17         1    558400
         3         2        27     27779        27         3         1    100032
         4         2        27     27780         3         9         1    295104
         5         2        27     27781        27         3         1    100032
         1         3        27     27841         9        11         1    361024
         2         3        27     27842        15        17         1    558016
         3         3        27     27843        10         4         1    131712
         4         3        27     27844         2        10         1    327808
         5         3        27     27845        10         4         1    131712
         2         4        27     27906        10        23         1    754304
         2         5        27     27970         4        23         1    753920
         2         6        27     28034         9        17         1    557632
         2         7        27     28098         3        17         1    557248
         2         8        27     28162        22        11         1    361856
         2         9        27     28226        16        11         1    361472
         2        10        27     28290        21         5         1    165184
         2        11        27     28354        15         5         1    164800
         2        12        27     28418        10        11         1    361088
         2        13        27     28482         4        11         1    360704
         2        14        27     28546         9         5         1    164416
         2        15        27     28610         3         5         1    164032
         1         0        28     28673        17        17         1    558144
         2         0        28     28674        23        23         1    755136
         3         0        28     28675        18         2         1     66688
         4         0        28     28676         3        19         1    622784
         5         0        28     28677        18         2         1     66688
         1         1        28     28737        11        17         1    557760
         2         1        28     28738        17        23         1    754752
         3         1        28     28739        19         1         1     33984
         4         1        28     28740         2        29         1    950400
         5         1        28     28741        19         1         1     33984
         1         2        28     28801        14        11         1    361344
         2         2        28     28802        20        17         1    558336
         3         2        28     28803        19         3         1     99520
         4         2        28     28804         3         8         1    262336
         5         2        28     28805        19         3         1     99520
         1         3        28     28865         8        11         1    360960
         2         3        28     28866        14        17         1    557952
         3         3        28     28867        18         4         1    132224
         4         3        28     28868         2        11         1    360576
         5         3        28     28869        18         4         1    132224
         2         4        28     28930        11        23         1    754368
         2         5        28     28994         5        23         1    753984
         2         6        28     29058         8        17         1    557568
         2         7        28     29122         2        17         1    557184
         2         8        28     29186        23        11         1    361920
         2         9        28     29250        17        11         1    361536
         2        10        28     29314        20         5         1    165120
         2        11        28     29378        14         5         1    164736
         2        12        28     29442        11        11         1    361152
         2        13        28     29506         5        11         1    360768
         2        14        28     29570         8         5         1    164352
         2        15        28     29634         2         5         1    163968
         1         0        29     29697        18        17         1    558208
         2         0        29     29698        24        23         1    755200
         3         0        29     29699        17         2         1     66624
         4         0        29     29700         4        25         1    819456
         5         0        29     29701        17         2         1     66624
         1         1        29     29761        12        17         1    557824
         2         1        29     29762        18        23         1    754816
         3         1        29     29763        20         1         1     34048
         4         1        29     29764         2        30         1    983168
         5         1        29     29765        20         1         1     34048
         1         2        29     29825        13        11         1    361280
         2         2        29     29826        19        17         1    558272
         3         2        29     29827        20         3         1     99584
         4         2        29     29828         3         7         1    229568
         5         2        29     29829        20         3         1     99584
         1         3        29     29889         7        11         1    360896
         2         3        29     29890        13        17         1    557888
         3         3        29     29891        17         4         1    132160
         4         3        29     29892         2        12         1    393344
         5         3        29     29893        17         4         1    132160
         2         4        29     29954        12        23         1    754432
         2         5        29     30018         6        23         1    754048
         2         6        29     30082         7        17         1    557504
         2         7        29     30146         1        17         1    557120
         2         8        29     30210        24        11         1    361984
         2         9        29     30274        18        11         1    361600
         2        10        29     30338        19         5         1    165056
         2        11        29     30402        13         5         1    164672
         2        12        29     30466        12        11         1    361216
         2        13        29     30530         6        11         1    360832
         2        14        29     30594         7         5         1    164288
         2        15        29     30658         1         5         1    163904
         1         0        30     30721        13        18         1    590656
         2         0        30     30722        19        24         1    787648
         3         0        30     30723        16         2         1     66560
         4         0        30     30724         4        24         1    786688
         5         0        30     30725        16         2         1     66560
         1         1        30     30785         7        18         1    590272
         2         1        30     30786        13        24         1    787264
         3         1        30     30787        21         1         1     34112
         4         1        30     30788         2        31         1   1015936
         5         1        30     30789        21         1         1     34112
         1         2        30     30849        18        12         1    394368
         2         2        30     30850        24        18         1    591360
         3         2        30     30851        21         3         1     99648
         4         2        30     30852         3         6         1    196800
         5         2        30     30853        21         3         1     99648
         1         3        30     30913        12        12         1    393984
         2         3        30     30914        18        18         1    590976
         3         3        30     30915        16         4         1    132096
         4         3        30     30916         2        13         1    426112
         5         3        30     30917        16         4         1    132096
         2         4        30     30978         7        24         1    786880
         2         5        30     31042         1        24         1    786496
         2         6        30     31106        12        18         1    590592
         2         7        30     31170         6        18         1    590208
         2         8        30     31234        19        12         1    394432
         2         9        30     31298        13        12         1    394048
         2        10        30     31362        24         6         1    198144
         2        11        30     31426        18         6         1    197760
         2        12        30     31490         7        12         1    393664
         2        13        30     31554         1        12         1    393280
         2        14        30     31618        12         6         1    197376
         2        15        30     31682         6         6         1    196992
         1         0        31     31745        14        18         1    590720
         2         0        31     31746        20        24         1    787712
         3         0        31     31747        15         2         1     66496
         4         0        31     31748         4        23         1    753920
         5         0        31     31749        15         2         1     66496
         1         1        31     31809         8        18         1    590336
         2         1        31     31810        14        24         1    787328
         3         1        31     31811        22         1         1     34176
         4         1        31     31812         2        32         1   1048704
         5         1        31     31813        22         1         1     34176
         1         2        31     31873        17        12         1    394304
         2         2        31     31874        23        18         1    591296
         3         2        31     31875        22         3         1     99712
         4         2        31     31876         3         5         1    164032
         5         2        31     31877        22         3         1     99712
         1         3        31     31937        11        12         1    393920
         2         3        31     31938        17        18         1    590912
         3         3        31     31939        15         4         1    132032
         4         3        31     31940         2        14         1    458880
         5         3        31     31941        15         4         1    132032
         2         4        31     32002         8        24         1    786944
         2         5        31     32066         2        24         1    786560
         2         6        31     32130        11        18         1    590528
         2         7        31     32194         5        18         1    590144
         2         8        31     32258        20        12         1    394496
         2         9        31     32322        14        12         1    394112
         2        10        31     32386        23         6         1    198080
         2        11        31     32450        17         6         1    197696
         2        12        31     32514         8        12         1    393728
         2        13        31     32578         2        12         1    393344
         2        14        31     32642        11         6         1    197312
         2        15        31     32706         5         6         1    196928
         1         0        32     32769        15        18         1    590784
         2         0        32     32770        21        24         1    787776
         3         0        32     32771        14         2         1     66432
         4         0        32     32772         4        22         1    721152
         5         0        32     32773        14         2         1     66432
         1         1        32     32833         9        18         1    590400
         2         1        32     32834        15        24         1    787392
         3         1        32     32835        23         1         1     34240
         4         1        32     32836         2        33         1   1081472
         5         1        32     32837        23         1         1     34240
         1         2        32     32897        16        12         1    394240
         2         2        32     32898        22        18         1    591232
         3         2        32     32899        23         3         1     99776
         4         2        32     32900         3         4         1    131264
         5         2        32     32901        23         3         1     99776
         1         3        32     32961        10        12         1    393856
         2         3        32     32962        16        18         1    590848
         3         3        32     32963        14         4         1    131968
         4         3        32     32964         2        15         1    491648
         5         3        32     32965        14         4         1    131968
         2         4        32     33026         9        24         1    787008
         2         5        32     33090         3        24         1    786624
         2         6        32     33154        10        18         1    590464
         2         7        32     33218         4        18         1    590080
         2         8        32     33282        21        12         1    394560
         2         9        32     33346        15        12         1    394176
         2        10        32     33410        22         6         1    198016
         2        11        32     33474        16         6         1    197632
         2        12        32     33538         9        12         1    393792
         2        13        32     33602         3        12         1    393408
         2        14        32     33666        10         6         1    197248
         2        15        32     33730         4         6         1    196864
         1         0        33     33793        16        18         1    590848
         2         0        33     33794        22        24         1    787840
         3         0        33     33795        13         2         1     66368
         4         0        33     33796         4        21         1    688384
         5         0        33     33797        13         2         1     66368
         1         1        33     33857        10        18         1    590464
         2         1        33     33858        16        24         1    787456
         3         1        33     33859        24         1         1     34304
         4         1        33     33860         2        34         1   1114240
         5         1        33     33861        24         1         1     34304
         1         2        33     33921        15        12         1    394176
         2         2        33     33922        21        18         1    591168
         3         2        33     33923        24         3         1     99840
         4         2        33     33924         3         3         1     98496
         5         2        33     33925        24         3         1     99840
         1         3        33     33985         9        12         1    393792
         2         3        33     33986        15        18         1    590784
         3         3        33     33987        13         4         1    131904
         4         3        33     33988         2        16         1    524416
         5         3        33     33989        13         4         1    131904
         2         4        33     34050        10        24         1    787072
         2         5        33     34114         4        24         1    786688
         2         6        33     34178         9        18         1    590400
         2         7        33     34242         3        18         1    590016
         2         8        33     34306        22        12         1    394624
         2         9        33     34370        16        12         1    394240
         2        10        33     34434        21         6         1    197952
         2        11        33     34498        15         6         1    197568
         2        12        33     34562        10        12         1    393856
         2        13        33     34626         4        12         1    393472
         2        14        33     34690         9         6         1    197184
         2        15        33     34754         3         6         1    196800
         1         0        34     34817        17        18         1    590912
         2         0        34     34818        23        24         1    787904
         3         0        34     34819        12         2         1     66304
         4         0        34     34820         4        20         1    655616
         5         0        34     34821        12         2         1     66304
         1         1        34     34881        11        18         1    590528
         2         1        34     34882        17        24         1    787520
         3         1        34     34883        25         1         1     34368
         4         1        34     34884         2        35         1   1147008
         5         1        34     34885        25         1         1     34368
         1         2        34     34945        14        12         1    394112
         2         2        34     34946        20        18         1    591104
         3         2        34     34947        25         3         1     99904
         4         2        34     34948         3         2         1     65728
         5         2        34     34949        25         3         1     99904
         1         3        34     35009         8        12         1    393728
         2         3        34     35010        14        18         1    590720
         3         3        34     35011        12         4         1    131840
         4         3        34     35012         2        17         1    557184
         5         3        34     35013        12         4         1    131840
         2         4        34     35074        11        24         1    787136
         2         5        34     35138         5        24         1    786752
         2         6        34     35202         8        18         1    590336
         2         7        34     35266         2        18         1    589952
         2         8        34     35330        23        12         1    394688
         2         9        34     35394        17        12         1    394304
         2        10        34     35458        20         6         1    197888
         2        11        34     35522        14         6         1    197504
         2        12        34     35586        11        12         1    393920
         2        13        34     35650         5        12         1    393536
         2        14        34     35714         8         6         1    197120
         2        15        34     35778         2         6         1    196736
         1         0        35     35841        18        18         1    590976
         2         0        35     35842        24        24         1    787968
         3         0        35     35843        11         2         1     66240
         4         0        35     35844         4        19         1    622848
         5         0        35     35845        11         2         1     66240
         1         1        35     35905        12        18         1    590592
         2         1        35     35906        18        24         1    787584
         3         1        35     35907        26         1         1     34432
         4         1        35     35908         2        36         1   1179776
         5         1        35     35909        26         1         1     34432
         1         2        35     35969        13        12         1    394048
         2         2        35     35970        19        18         1    591040
         3         2        35     35971        26         3         1     99968
         4         2        35     35972         3         1         1     32960
         5         2        35     35973        26         3         1     99968
         1         3        35     36033         7        12         1    393664
         2         3        35     36034        13        18         1    590656
         3         3        35     36035        11         4         1    131776
         4         3        35     36036         2        18         1    589952
         5         3        35     36037        11         4         1    131776
         2         4        35     36098        12        24         1    787200
         2         5        35     36162         6        24         1    786816
         2         6        35     36226         7        18         1    590272
         2         7        35     36290         1        18         1    589888
         2         8        35     36354        24        12         1    394752
         2         9        35     36418        18        12         1    394368
         2        10        35     36482        19         6         1    197824
         2        11        35     36546        13         6         1    197440
         2        12        35     36610        12        12         1    393984
         2        13        35     36674         6        12         1    393600
         2        14        35     36738         7         6         1    197056
         2        15        35     36802         1         6         1    196672
