788.274  35.037
791.344  35.138
792.570  35.739
790.049  36.149
792.738  36.101
792.523  37.091
787.370  37.348
789.641  37.642
797.709  37.487
788.109  37.429
792.038  36.062
788.313  35.549
793.124  37.495
799.226  34.043
796.131  37.628
793.075  37.505
796.809  37.320
790.141  35.892
791.879  35.306
793.648  35.132
 800.0    35.0
795.292  36.300
792.782  36.338
 800.0    35.0
794.974  35.569
797.466  34.648
788.471  33.839
790.070  36.244
787.295  38.427
796.497  36.695
788.599  37.341
797.027  36.983
785.107  38.114
783.337  36.523
791.199  35.945
790.331  38.640
784.954  35.964
788.117  36.065
790.549  42.703
785.123  35.652
771.006  42.181
787.732  33.748
785.548  40.684
785.120  36.906
795.632  36.834
787.264  37.422
782.835  37.959
786.028  37.656
785.969  36.034
786.118  36.430
790.914  33.649
785.364  34.736
794.163  35.007
790.605  35.971
785.214  36.603
786.745  36.721
791.977  35.977
790.349  35.581
796.988  35.713
795.259  34.829
789.000  39.783
787.037  35.331
794.364  35.129
797.926  36.669
