774.160  36.415
770.988  34.659
773.583  34.367
776.297  35.396
779.186  36.390
772.116  35.597
770.963  36.354
776.435  37.977
771.111  40.281
778.448  35.331
775.999  34.956
774.208  34.385
774.976  35.211
775.561  35.899
773.483  37.640
776.616  38.471
774.905  35.115
785.857  37.260
783.291  36.639
777.164  35.516
780.654  38.857
780.311  37.314
780.802  36.208
781.887  35.313
784.052  35.099
778.080  34.251
778.070  34.635
783.882  35.234
776.217  37.543
784.132  37.755
775.424  42.362
779.568  38.029
801.626  36.066
795.375  34.820
797.957  33.869
799.977  34.480
800.520  35.256
803.931  35.941
804.486  36.591
804.956  37.669
807.698  38.529
799.163  35.946
801.888  36.635
801.382  38.410
804.403  37.890
808.219  36.561
807.399  35.708
804.168  35.156
799.253  38.945
804.993  37.157
801.272  36.492
799.876  35.109
795.766  33.710
801.546  34.296
799.684  34.894
806.221  38.222
802.457  36.686
804.493  34.254
808.497  34.606
807.490  35.123
805.319  36.424
 800.0    35.0
810.934  37.576
806.787  38.247
